	2.339000	-0.295290	-0.312597
	2.448000	-0.292249	-0.293768
	2.558000	-0.295050	-0.295888
	2.670000	-0.291979	-0.293731
	2.776000	-0.292755	-0.293728
	2.880000	-0.293166	-0.293100
	2.991000	-0.293817	-0.295214
	3.098000	-0.292874	-0.294823
	3.203000	-0.294323	-0.295204
	3.312000	-0.293902	-0.295299
	3.422000	-0.293771	-0.294047
	3.531000	-0.292739	-0.294146
	3.643000	-0.294116	-0.295434
	3.752000	-0.295250	-0.296082
	3.857000	-0.297071	-0.297564
	3.969000	-0.293531	-0.295152
	4.079000	-0.293294	-0.294027
	4.184000	-0.294238	-0.295161
	4.294000	-0.292972	-0.294451
	4.406000	-0.294471	-0.295122
	4.516000	-0.294701	-0.295914
	4.627000	-0.291986	-0.293140
	4.738000	-0.293521	-0.294132
	4.849000	-0.293501	-0.294981
	4.954000	-0.292535	-0.294494
	5.063000	-0.293209	-0.294162
	5.170000	-0.293787	-0.295309
	5.281000	-0.294948	-0.295901
	5.394000	-0.293127	-0.293768
	5.504000	-0.292532	-0.293817
	5.611000	-0.296726	-0.296779
	5.715000	-0.293192	-0.294770
	5.826000	-0.294225	-0.295566
	5.933000	-0.293925	-0.294146
	6.040000	-0.294488	-0.296555
	6.150000	-0.292745	-0.294642
	6.256000	-0.292703	-0.294106
	6.365000	-0.293521	-0.294123
	6.472000	-0.294688	-0.295760
	6.580000	-0.293833	-0.294938
	6.691000	-0.293837	-0.295276
	6.800000	-0.294017	-0.295599
	6.906000	-0.293758	-0.293958
	7.009000	-0.294451	-0.295825
	7.116000	-0.293883	-0.294839
	7.227000	-0.295444	-0.296545
	7.337000	-0.295260	-0.296378
	7.444000	-0.292791	-0.293962
	7.554000	-0.295704	-0.297239
	7.664000	-0.295382	-0.295990
	7.771000	-0.292834	-0.294553
	7.881000	-0.293692	-0.294501
	7.992000	-0.295066	-0.297071
	8.104000	-0.294981	-0.295175
	8.212000	-0.294103	-0.294948
	8.322000	-0.293958	-0.294747
	8.432000	-0.295391	-0.296453
	8.542000	-0.292486	-0.293344
	8.652000	-0.295914	-0.296637
	8.760000	-0.295687	-0.296641
	8.869000	-0.295013	-0.296256
	8.980000	-0.294231	-0.294902
	9.092000	-0.295224	-0.295753
	9.202000	-0.293100	-0.294994
	9.315000	-0.295273	-0.296055
	9.426000	-0.293432	-0.294997
	9.537000	-0.295477	-0.296151
	9.644000	-0.293945	-0.295119
	9.752000	-0.294589	-0.295786
	9.862000	-0.294267	-0.295105
	9.972000	-0.294093	-0.295247
	10.083000	-0.293564	-0.294096
	10.194000	-0.296670	-0.298064
	10.304000	-0.293120	-0.293919
	10.409000	-0.295411	-0.296358
	10.520000	-0.295359	-0.296723
	10.631000	-0.292456	-0.294570
	10.742000	-0.294139	-0.294668
	10.852000	-0.295648	-0.296345
	10.958000	-0.294777	-0.296220
	11.065000	-0.294931	-0.296466
	11.170000	-0.294866	-0.295645
	11.282000	-0.294234	-0.295204
	11.391000	-0.294274	-0.295911
	11.503000	-0.293166	-0.294405
	11.614000	-0.293567	-0.294192
	11.725000	-0.293475	-0.294310
	11.835000	-0.294323	-0.295806
	11.947000	-0.294718	-0.296295
	12.056000	-0.295352	-0.296187
	12.167000	-0.293245	-0.294885
	12.271000	-0.295441	-0.296351
	12.383000	-0.295286	-0.296562
	12.490000	-0.293094	-0.294379
	12.601000	-0.292022	-0.293393
	12.712000	-0.293150	-0.293360
	12.822000	-0.293873	-0.294372
	12.933000	-0.293307	-0.294425
	13.043000	-0.292827	-0.293840
	13.153000	-0.293350	-0.293715
	13.257000	-0.294277	-0.294530
	13.368000	-0.294369	-0.295359
	13.476000	-0.296194	-0.297282
	13.586000	-0.294234	-0.295372
	13.692000	-0.293866	-0.294967
	13.803000	-0.295053	-0.294672
	13.915000	-0.293511	-0.295043
	14.024000	-0.293534	-0.293771
	14.133000	-0.295434	-0.297301
	14.245000	-0.293899	-0.295789
	14.355000	-0.294635	-0.295395
	14.464000	-0.293390	-0.294435
	14.573000	-0.294132	-0.295585
	14.680000	-0.294340	-0.295434
	14.791000	-0.293442	-0.295023
	14.898000	-0.294997	-0.296223
	15.007000	-0.294090	-0.295306
	15.119000	-0.293682	-0.294412
	15.229000	-0.293505	-0.294665
	15.334000	-0.294718	-0.296522
	15.445000	-0.294474	-0.295309
	15.552000	-0.294948	-0.295191
	15.657000	-0.294747	-0.295549
	15.763000	-0.294981	-0.295493
	15.872000	-0.296397	-0.297561
	15.983000	-0.293255	-0.294333
	16.093000	-0.294014	-0.295395
	16.201000	-0.296348	-0.296851
	16.311000	-0.295582	-0.296256
	16.421000	-0.295198	-0.295993
	16.533000	-0.292680	-0.293459
	16.642000	-0.295917	-0.296483
	16.750000	-0.293064	-0.294271
	16.861000	-0.296950	-0.297482
	16.972000	-0.299070	-0.300444
	17.082000	-0.303902	-0.305611
	17.192000	-0.302577	-0.303465
	17.300000	-0.302659	-0.304037
	17.405000	-0.295654	-0.296710
	17.516000	-0.295056	-0.296003
	17.624000	-0.293130	-0.294849
	17.736000	-0.295434	-0.296148
	17.846000	-0.293491	-0.295306
	17.958000	-0.296894	-0.297193
	18.068000	-0.296318	-0.297666
	18.174000	-0.298228	-0.300010
	18.282000	-0.304918	-0.305263
	18.394000	-0.300099	-0.301486
	18.504000	-0.295714	-0.296647
	18.614000	-0.294658	-0.295963
	18.724000	-0.297088	-0.298725
	18.837000	-0.295523	-0.296601
	18.945000	-0.296434	-0.297249
	19.057000	-0.295204	-0.296391
	19.169000	-0.296009	-0.296677
	19.279000	-0.300033	-0.300973
	19.383000	-0.295546	-0.296276
	19.490000	-0.295799	-0.297262
	19.599000	-0.292811	-0.293994
	19.707000	-0.293268	-0.294767
	19.819000	-0.296992	-0.297370
	19.929000	-0.295391	-0.296772
	20.037000	-0.294172	-0.294606
	20.146000	-0.294704	-0.296013
	20.257000	-0.298222	-0.298383
	20.363000	-0.294718	-0.296338
	20.473000	-0.294215	-0.295105
	20.578000	-0.293475	-0.294589
	20.690000	-0.293416	-0.294300
	20.801000	-0.293945	-0.295681
	20.908000	-0.296098	-0.297311
	21.013000	-0.292657	-0.292936
	21.124000	-0.292719	-0.293873
	21.235000	-0.295605	-0.297446
	21.344000	-0.294165	-0.296006
	21.454000	-0.293488	-0.294376
	21.561000	-0.292913	-0.294001
	21.670000	-0.293672	-0.295244
	21.781000	-0.292831	-0.294231
	21.887000	-0.295848	-0.296558
	21.997000	-0.294566	-0.296233
	22.107000	-0.294685	-0.295773
	22.214000	-0.296371	-0.297153
	22.321000	-0.294017	-0.295816
	22.433000	-0.297416	-0.298146
	22.544000	-0.294412	-0.295681
	22.655000	-0.295211	-0.296585
	22.765000	-0.293071	-0.294790
	22.877000	-0.292804	-0.294626
	22.988000	-0.295477	-0.295651
	23.099000	-0.296332	-0.297022
	23.211000	-0.296733	-0.296318
	23.321000	-0.293600	-0.295697
	23.427000	-0.295904	-0.296890
	23.531000	-0.295135	-0.296289
	23.639000	-0.292308	-0.293196
	23.750000	-0.292920	-0.293800
	23.856000	-0.294215	-0.294984
	23.967000	-0.295040	-0.296503
	24.078000	-0.293508	-0.295033
	24.185000	-0.295198	-0.296299
	24.295000	-0.292269	-0.293498
	24.405000	-0.292495	-0.293518
	24.514000	-0.301032	-0.301358
	24.625000	-0.293028	-0.295043
	24.736000	-0.295769	-0.296174
	24.846000	-0.292985	-0.294951
	24.957000	-0.293222	-0.294629
	25.067000	-0.295875	-0.296049
	25.177000	-0.294872	-0.295428
	25.285000	-0.294718	-0.294921
	25.397000	-0.296812	-0.297482
	25.508000	-0.293843	-0.294096
	25.614000	-0.295040	-0.296322
	25.724000	-0.293357	-0.294438
	25.836000	-0.293301	-0.294376
	25.947000	-0.293912	-0.294626
	26.058000	-0.294760	-0.295470
	26.167000	-0.295766	-0.296779
	26.278000	-0.293791	-0.294737
	26.387000	-0.296443	-0.297259
	26.499000	-0.294182	-0.294790
	26.606000	-0.294297	-0.295010
	26.716000	-0.295898	-0.296483
	26.825000	-0.293945	-0.294938
	26.934000	-0.293495	-0.294668
	27.044000	-0.295076	-0.296973
	27.155000	-0.293179	-0.294806
	27.266000	-0.293731	-0.295023
	27.375000	-0.296200	-0.296904
	27.486000	-0.295977	-0.296769
	27.592000	-0.294080	-0.294754
	27.697000	-0.293061	-0.293656
	27.807000	-0.295891	-0.296618
	27.913000	-0.294866	-0.296470
	28.024000	-0.293705	-0.295000
	28.135000	-0.293393	-0.294090
	28.246000	-0.296134	-0.296726
	28.352000	-0.293919	-0.294681
	28.461000	-0.298570	-0.300395
	28.573000	-0.295819	-0.296532
	28.682000	-0.294632	-0.295296
	28.793000	-0.294852	-0.296197
	28.904000	-0.295852	-0.297019
	29.015000	-0.293393	-0.294691
	29.122000	-0.292998	-0.294875
	29.231000	-0.295250	-0.296029
	29.342000	-0.294192	-0.295871
	29.450000	-0.295806	-0.297518
	29.561000	-0.295881	-0.297101
	29.670000	-0.293761	-0.294685
	29.776000	-0.294264	-0.296174
	29.888000	-0.296282	-0.298084
	29.998000	-0.295280	-0.295855
	30.109000	-0.293248	-0.294921
	30.219000	-0.293702	-0.295073
	30.329000	-0.294655	-0.296223
	30.439000	-0.295562	-0.296463
	30.550000	-0.296591	-0.298051
	30.660000	-0.293084	-0.293866
	30.771000	-0.294093	-0.295717
	30.882000	-0.295365	-0.295914
	30.992000	-0.294524	-0.295816
	31.103000	-0.295802	-0.296565
	31.212000	-0.293370	-0.294990
	31.323000	-0.294593	-0.295211
	31.427000	-0.294852	-0.295290
	31.536000	-0.295260	-0.296910
	31.647000	-0.294550	-0.296453
	31.757000	-0.294829	-0.295898
	31.861000	-0.293445	-0.293422
	31.969000	-0.293866	-0.294645
	32.075000	-0.292900	-0.293153
	32.183000	-0.295283	-0.296516
	32.289000	-0.296000	-0.297952
	32.396000	-0.298708	-0.299412
	32.506000	-0.295710	-0.296746
	32.613000	-0.295599	-0.296532
	32.721000	-0.296138	-0.297331
	32.831000	-0.297025	-0.297755
	32.942000	-0.296243	-0.298153
	33.054000	-0.296194	-0.297229
	33.160000	-0.295602	-0.296154
	33.271000	-0.293090	-0.294954
	33.380000	-0.294402	-0.295737
	33.490000	-0.295668	-0.297308
	33.600000	-0.294839	-0.296013
	33.711000	-0.294652	-0.295691
	33.821000	-0.295401	-0.296138
	33.927000	-0.295444	-0.296631
	34.037000	-0.294096	-0.294645
	34.149000	-0.295023	-0.296453
	34.260000	-0.294484	-0.295099
	34.369000	-0.293478	-0.294941
	34.480000	-0.294034	-0.295398
	34.587000	-0.293321	-0.294908
	34.700000	-0.294619	-0.295247
	34.809000	-0.295904	-0.296572
	34.920000	-0.294514	-0.295408
	35.031000	-0.293416	-0.294691
	35.135000	-0.294981	-0.295783
	35.244000	-0.294918	-0.295664
	35.354000	-0.296673	-0.298054
	35.464000	-0.293534	-0.294346
	35.574000	-0.296631	-0.297623
	35.684000	-0.294468	-0.295326
	35.794000	-0.295618	-0.296486
	35.901000	-0.293853	-0.294773
	36.008000	-0.294294	-0.295510
	36.119000	-0.295250	-0.296414
	36.230000	-0.294872	-0.296545
	36.341000	-0.293584	-0.294856
	36.450000	-0.293538	-0.294862
	36.560000	-0.294228	-0.295053
	36.669000	-0.295963	-0.296687
	36.780000	-0.293416	-0.294787
	36.890000	-0.296841	-0.297410
	37.000000	-0.296368	-0.297058
	37.111000	-0.295145	-0.296795
	37.213000	-0.294248	-0.295303
	37.318000	-0.295148	-0.296447
	37.428000	-0.294215	-0.294990
	37.533000	-0.293998	-0.295332
	37.641000	-0.295191	-0.296177
	37.750000	-0.294175	-0.295194
	37.858000	-0.294678	-0.295105
	37.962000	-0.293291	-0.293613
	38.068000	-0.296233	-0.297775
	38.179000	-0.293810	-0.294520
	38.290000	-0.294113	-0.294622
	38.395000	-0.293975	-0.295714
	38.506000	-0.294912	-0.296213
	38.617000	-0.295211	-0.295737
	38.727000	-0.294494	-0.295582
	38.831000	-0.294307	-0.296055
	38.936000	-0.295842	-0.297216
	39.041000	-0.296210	-0.296953
	39.152000	-0.294047	-0.295283
	39.260000	-0.295398	-0.295641
	39.370000	-0.294974	-0.295816
	39.480000	-0.293235	-0.294093
	39.591000	-0.293620	-0.294810
	39.702000	-0.294977	-0.295543
	39.810000	-0.295421	-0.297508
	39.918000	-0.296144	-0.297081
	40.021000	-0.293258	-0.294741
	40.126000	-0.294662	-0.295461
	40.236000	-0.295625	-0.296884
	40.345000	-0.294218	-0.295112
	40.456000	-0.295700	-0.296450
	40.566000	-0.294438	-0.295730
	40.675000	-0.294550	-0.295671
	40.786000	-0.295027	-0.296036
	40.897000	-0.294179	-0.294793
	41.002000	-0.295773	-0.296805
	41.105000	-0.295352	-0.295539
	41.209000	-0.294310	-0.295414
	41.315000	-0.294747	-0.295832
	41.425000	-0.294234	-0.295168
	41.536000	-0.293531	-0.294231
	41.645000	-0.293827	-0.295480
	41.757000	-0.292663	-0.294366
	41.867000	-0.295171	-0.295878
	41.971000	-0.294040	-0.295135
	42.078000	-0.292410	-0.293567
	42.184000	-0.292377	-0.293304
	42.295000	-0.294632	-0.296164
	42.405000	-0.293561	-0.294382
	42.513000	-0.293794	-0.294741
	42.623000	-0.294257	-0.295017
	42.733000	-0.294244	-0.295549
	42.839000	-0.294869	-0.295378
	42.946000	-0.293547	-0.294077
	43.057000	-0.293452	-0.294928
	43.167000	-0.294635	-0.296069
	43.276000	-0.293367	-0.294557
	43.380000	-0.293659	-0.294882
	43.488000	-0.292078	-0.293777
	43.599000	-0.293807	-0.294826
	43.709000	-0.293406	-0.294616
	43.818000	-0.293110	-0.294668
	43.929000	-0.295783	-0.296338
	44.040000	-0.294790	-0.295477
	44.150000	-0.292936	-0.294198
	44.255000	-0.295730	-0.297528
	44.365000	-0.295198	-0.296493
	44.477000	-0.293929	-0.294967
	44.589000	-0.293475	-0.294915
	44.699000	-0.293860	-0.295237
	44.809000	-0.293919	-0.295030
	44.915000	-0.294109	-0.295207
	45.026000	-0.294754	-0.295290
	45.134000	-0.295553	-0.296959
	45.245000	-0.295937	-0.296253
	45.355000	-0.294948	-0.296384
	45.465000	-0.292371	-0.293886
	45.571000	-0.294146	-0.295191
	45.681000	-0.293613	-0.295385
	45.786000	-0.294021	-0.294474
	45.891000	-0.295293	-0.295954
	46.002000	-0.292147	-0.292361
	46.113000	-0.294409	-0.295345
	46.222000	-0.293528	-0.294537
	46.328000	-0.292206	-0.292367
	46.438000	-0.291592	-0.292949
	46.543000	-0.293528	-0.294330
	46.652000	-0.294221	-0.294468
	46.756000	-0.294593	-0.295845
	46.867000	-0.293626	-0.294925
	46.972000	-0.303241	-0.304750
	47.083000	-0.292147	-0.293182
	47.193000	-0.294741	-0.294783
	47.303000	-0.295313	-0.295497
	47.409000	-0.293324	-0.294155
	47.516000	-0.295322	-0.295441
	47.625000	-0.294169	-0.295569
	47.734000	-0.295092	-0.295835
	47.840000	-0.294336	-0.295069
	47.950000	-0.295424	-0.296815
	48.057000	-0.294977	-0.296355
	48.163000	-0.292647	-0.294142
	48.273000	-0.292058	-0.293035
	48.378000	-0.295247	-0.295769
	48.488000	-0.293814	-0.295296
	48.597000	-0.294652	-0.295096
	48.703000	-0.295237	-0.297229
	48.810000	-0.293672	-0.294244
	48.921000	-0.292117	-0.293754
	49.029000	-0.293419	-0.293837
	49.135000	-0.294685	-0.295760
	49.244000	-0.292111	-0.293991
	49.349000	-0.293445	-0.294100
	49.457000	-0.294326	-0.295654
	49.568000	-0.293942	-0.294928
	49.679000	-0.292706	-0.293633
	49.791000	-0.294287	-0.294691
	49.898000	-0.294971	-0.295947
	50.008000	-0.295122	-0.296023
	50.113000	-0.294573	-0.295829
	50.224000	-0.293238	-0.294829
	50.333000	-0.293173	-0.294790
	50.438000	-0.293429	-0.294576
	50.549000	-0.292847	-0.294596
	50.658000	-0.295004	-0.295431
	50.768000	-0.292236	-0.293794
	50.874000	-0.292890	-0.294149
	50.984000	-0.294303	-0.295135
	51.094000	-0.294451	-0.295237
	51.200000	-0.293889	-0.295572
	51.311000	-0.295931	-0.296828
	51.419000	-0.293150	-0.293764
	51.527000	-0.293653	-0.294310
	51.632000	-0.292634	-0.294507
	51.739000	-0.294070	-0.295352
	51.849000	-0.295990	-0.296555
	51.953000	-0.293071	-0.294330
	52.060000	-0.293455	-0.294987
	52.169000	-0.294317	-0.295355
	52.275000	-0.294172	-0.295299
	52.385000	-0.294843	-0.296154
	52.491000	-0.292042	-0.292857
	52.604000	-0.294086	-0.295211
	52.712000	-0.292394	-0.293344
	52.823000	-0.294313	-0.294527
	52.930000	-0.297739	-0.297752
	53.038000	-0.294435	-0.295477
	53.144000	-0.291141	-0.291943
	53.253000	-0.294326	-0.295516
	53.361000	-0.294422	-0.295668
	53.470000	-0.292229	-0.293797
	53.580000	-0.294629	-0.295980
	53.688000	-0.296378	-0.297236
	53.793000	-0.294662	-0.295477
	53.902000	-0.294935	-0.295868
	54.011000	-0.293288	-0.293764
	54.120000	-0.294796	-0.295526
	54.228000	-0.294629	-0.296312
	54.335000	-0.293472	-0.294586
	54.444000	-0.292331	-0.294461
	54.549000	-0.294100	-0.294254
	54.659000	-0.295135	-0.295431
	54.769000	-0.293978	-0.295401
	54.880000	-0.295168	-0.296003
	54.992000	-0.292768	-0.294586
	55.102000	-0.293426	-0.294336
	55.214000	-0.292518	-0.293682
	55.325000	-0.295013	-0.295050
	55.433000	-0.294211	-0.294984
	55.542000	-0.293866	-0.294777
	55.653000	-0.293399	-0.294415
	55.765000	-0.294412	-0.294974
	55.874000	-0.292920	-0.293482
	55.984000	-0.294915	-0.296049
	56.093000	-0.293840	-0.294534
	56.200000	-0.293521	-0.294760
	56.310000	-0.292463	-0.293182
	56.415000	-0.292913	-0.294093
	56.518000	-0.294872	-0.295835
	56.624000	-0.292505	-0.293676
	56.735000	-0.297380	-0.298291
	56.845000	-0.294386	-0.295615
	56.956000	-0.292857	-0.294267
	57.065000	-0.294879	-0.296325
	57.170000	-0.294441	-0.295664
	57.274000	-0.294711	-0.295743
	57.379000	-0.296148	-0.297439
	57.490000	-0.294908	-0.296111
	57.601000	-0.296874	-0.298001
	57.706000	-0.293436	-0.294731
	57.811000	-0.294882	-0.295543
	57.917000	-0.294185	-0.294757
	58.025000	-0.295069	-0.295917
	58.134000	-0.294152	-0.295855
	58.243000	-0.294862	-0.295454
	58.353000	-0.295280	-0.296115
	58.461000	-0.292236	-0.294129
	58.570000	-0.295559	-0.295944
	58.675000	-0.294783	-0.295599
	58.787000	-0.294356	-0.295431
	58.898000	-0.294833	-0.294639
	59.009000	-0.295237	-0.295898
	59.117000	-0.294737	-0.295385
	59.223000	-0.294379	-0.295704
	59.330000	-0.293275	-0.293797
	59.440000	-0.293436	-0.294359
	59.549000	-0.295046	-0.295221
	59.658000	-0.296545	-0.298051
	59.766000	-0.294353	-0.294764
	59.877000	-0.293827	-0.295700
	59.984000	-0.294764	-0.294944
	60.093000	-0.293768	-0.295355
	60.200000	-0.294704	-0.295691
	60.310000	-0.293804	-0.294573
	60.416000	-0.295293	-0.296499
	60.525000	-0.293935	-0.294478
	60.633000	-0.295194	-0.296019
	60.738000	-0.292321	-0.293912
	60.848000	-0.293271	-0.294123
	60.955000	-0.294264	-0.295733
	61.064000	-0.294152	-0.295408
	61.169000	-0.292867	-0.294451
	61.275000	-0.294481	-0.294990
	61.381000	-0.293123	-0.294944
	61.492000	-0.294307	-0.295056
	61.603000	-0.293879	-0.295050
	61.709000	-0.293028	-0.293682
	61.820000	-0.294882	-0.295572
	61.927000	-0.293084	-0.294129
	62.034000	-0.293662	-0.295096
	62.140000	-0.295658	-0.297252
	62.249000	-0.294136	-0.295184
	62.358000	-0.294747	-0.295743
	62.469000	-0.293860	-0.295533
	62.579000	-0.295135	-0.296190
	62.684000	-0.291901	-0.293035
	62.790000	-0.295303	-0.295977
	62.900000	-0.295714	-0.296667
	63.009000	-0.293692	-0.294731
	63.119000	-0.293781	-0.295303
	63.229000	-0.294672	-0.295605
	63.334000	-0.292302	-0.293403
	63.444000	-0.294313	-0.295227
	63.551000	-0.293761	-0.294418
	63.661000	-0.294113	-0.294981
	63.769000	-0.293679	-0.294898
	63.878000	-0.294218	-0.294484
	63.985000	-0.298054	-0.298813
	64.096000	-0.295181	-0.296220
	64.207000	-0.294366	-0.295733
	64.314000	-0.293429	-0.294760
	64.424000	-0.294862	-0.296282
	64.534000	-0.295753	-0.296509
	64.643000	-0.296322	-0.297640
	64.749000	-0.296368	-0.296512
	64.854000	-0.295668	-0.296526
	64.964000	-0.295562	-0.296397
	65.075000	-0.295526	-0.296798
	65.180000	-0.293058	-0.294297
	65.290000	-0.294944	-0.296082
	65.399000	-0.294409	-0.295221
	65.507000	-0.296220	-0.297268
	65.613000	-0.297144	-0.297768
	65.723000	-0.294471	-0.295891
	65.833000	-0.294132	-0.295608
	65.940000	-0.294580	-0.294839
	66.045000	-0.294428	-0.294849
	66.154000	-0.294050	-0.294517
	66.262000	-0.295234	-0.296654
	66.372000	-0.295175	-0.295641
	66.483000	-0.295947	-0.297778
	66.594000	-0.293002	-0.294843
	66.703000	-0.293015	-0.294290
	66.812000	-0.294990	-0.295303
	66.917000	-0.293574	-0.295645
	67.028000	-0.294826	-0.295842
	67.139000	-0.293925	-0.295125
	67.250000	-0.292785	-0.293794
	67.360000	-0.294353	-0.295441
	67.465000	-0.292002	-0.293682
	67.571000	-0.293886	-0.294622
	67.681000	-0.292752	-0.293768
	67.791000	-0.295513	-0.296138
	67.897000	-0.294284	-0.295549
	68.008000	-0.296348	-0.296979
	68.119000	-0.294626	-0.295710
	68.227000	-0.296910	-0.297679
	68.339000	-0.292114	-0.292821
	68.450000	-0.295267	-0.296900
	68.559000	-0.293265	-0.293978
	68.670000	-0.294645	-0.295766
	68.773000	-0.294931	-0.295901
	68.877000	-0.295950	-0.297528
	68.983000	-0.292420	-0.293991
	69.093000	-0.293603	-0.295004
	69.201000	-0.294116	-0.294471
	69.311000	-0.294425	-0.295608
	69.421000	-0.295888	-0.296427
	69.528000	-0.295158	-0.296466
	69.638000	-0.296194	-0.296713
	69.747000	-0.294356	-0.294185
	69.858000	-0.294017	-0.294862
	69.964000	-0.295776	-0.296450
	70.072000	-0.295207	-0.296019
	70.183000	-0.293945	-0.295007
	70.287000	-0.295089	-0.295858
	70.394000	-0.295112	-0.296131
	70.506000	-0.296861	-0.298248
	70.614000	-0.294553	-0.295937
	70.724000	-0.296286	-0.297308
	70.833000	-0.297328	-0.298094
	70.940000	-0.295109	-0.296210
	71.049000	-0.297699	-0.298994
	71.159000	-0.296851	-0.298297
	71.269000	-0.295908	-0.296992
	71.375000	-0.296503	-0.297719
	71.480000	-0.297068	-0.297646
	71.591000	-0.297870	-0.299027
	71.699000	-0.297837	-0.298255
	71.808000	-0.298278	-0.299898
	71.915000	-0.298738	-0.299487
	72.025000	-0.297548	-0.299027
	72.135000	-0.299211	-0.299708
	72.241000	-0.301502	-0.302758
	72.350000	-0.297893	-0.298767
	72.462000	-0.298475	-0.299461
	72.572000	-0.299635	-0.300582
	72.681000	-0.301187	-0.301769
	72.790000	-0.302179	-0.303103
	72.900000	-0.302156	-0.303498
	73.004000	-0.301483	-0.301972
	73.109000	-0.301631	-0.302722
	73.216000	-0.302834	-0.303563
	73.325000	-0.302617	-0.303705
	73.436000	-0.302985	-0.304632
	73.542000	-0.304803	-0.306680
	73.651000	-0.303399	-0.303974
	73.763000	-0.302038	-0.303468
	73.874000	-0.305240	-0.306229
	73.978000	-0.303179	-0.303981
	74.085000	-0.305559	-0.306403
	74.195000	-0.305910	-0.306315
	74.306000	-0.305010	-0.306108
	74.417000	-0.306272	-0.307071
	74.529000	-0.306144	-0.307948
	74.639000	-0.307748	-0.309152
	74.744000	-0.305542	-0.305894
	74.854000	-0.308080	-0.308803
	74.959000	-0.306180	-0.307219
	75.063000	-0.304875	-0.305555
	75.169000	-0.309484	-0.310203
	75.279000	-0.307735	-0.308563
	75.383000	-0.308675	-0.309237
	75.490000	-0.310006	-0.310680
	75.600000	-0.310591	-0.312002
	75.708000	-0.309165	-0.310394
	75.821000	-0.309359	-0.310134
	75.932000	-0.311811	-0.312666
	76.043000	-0.311147	-0.312265
	76.151000	-0.313168	-0.313869
	76.256000	-0.310910	-0.312343
	76.366000	-0.312846	-0.314066
	76.472000	-0.312255	-0.312744
	76.581000	-0.315013	-0.316068
	76.691000	-0.314427	-0.314707
	76.801000	-0.313231	-0.313931
	76.908000	-0.314970	-0.316176
	77.013000	-0.315078	-0.316258
	77.116000	-0.313800	-0.315338
	77.221000	-0.313560	-0.314828
	77.327000	-0.314635	-0.316166
	77.431000	-0.314105	-0.315302
	77.543000	-0.313076	-0.314365
	77.653000	-0.314109	-0.314973
	77.760000	-0.315469	-0.316791
	77.871000	-0.315907	-0.318444
	77.978000	-0.315318	-0.316768
	78.088000	-0.314559	-0.315440
	78.195000	-0.315986	-0.317021
	78.303000	-0.315719	-0.317083
	78.409000	-0.315539	-0.316285
	78.513000	-0.314299	-0.315558
	78.618000	-0.317491	-0.318020
	78.729000	-0.315637	-0.316686
	78.836000	-0.316278	-0.317494
	78.940000	-0.316913	-0.317826
	79.049000	-0.316978	-0.317817
	79.157000	-0.316676	-0.318010
	79.260000	-0.317360	-0.317997
	79.368000	-0.317632	-0.318921
	79.479000	-0.317465	-0.318809
	79.583000	-0.316988	-0.317609
	79.690000	-0.317310	-0.318793
	79.799000	-0.317886	-0.318928
	79.906000	-0.315262	-0.316229
	80.015000	-0.317655	-0.318408
	80.125000	-0.318165	-0.318776
	80.233000	-0.319059	-0.319707
	80.337000	-0.316945	-0.318323
	80.448000	-0.317376	-0.318576
	80.560000	-0.320906	-0.321899
	80.665000	-0.317984	-0.318737
	80.774000	-0.317284	-0.318750
	80.883000	-0.320663	-0.320982
	80.992000	-0.320400	-0.320903
	81.096000	-0.318132	-0.319177
	81.207000	-0.317527	-0.318678
	81.312000	-0.318467	-0.319680
	81.421000	-0.321337	-0.321252
	81.531000	-0.320627	-0.321393
	81.636000	-0.319503	-0.320834
	81.746000	-0.319417	-0.320519
	81.857000	-0.318845	-0.320801
	81.967000	-0.320052	-0.320972
	82.075000	-0.318776	-0.319756
	82.181000	-0.319424	-0.320436
	82.290000	-0.321304	-0.321751
	82.396000	-0.320200	-0.321610
	82.508000	-0.319956	-0.321025
	82.618000	-0.319966	-0.320699
	82.724000	-0.320210	-0.321199
	82.834000	-0.319102	-0.320749
	82.940000	-0.319408	-0.320183
	83.045000	-0.320785	-0.321649
	83.150000	-0.321317	-0.322116
	83.255000	-0.319920	-0.321064
	83.362000	-0.320923	-0.322123
	83.472000	-0.321728	-0.323247
	83.580000	-0.322590	-0.324157
	83.690000	-0.320999	-0.321758
	83.794000	-0.323247	-0.324499
	83.903000	-0.322537	-0.323194
	84.014000	-0.321709	-0.323214
	84.123000	-0.323000	-0.323474
	84.227000	-0.322248	-0.322760
	84.334000	-0.322557	-0.323507
	84.445000	-0.321909	-0.323106
	84.556000	-0.321160	-0.322747
	84.665000	-0.320824	-0.321643
	84.777000	-0.323921	-0.324279
	84.887000	-0.321423	-0.322096
	84.997000	-0.320690	-0.322310
	85.105000	-0.319608	-0.320367
	85.213000	-0.322774	-0.323825
	85.322000	-0.322688	-0.324227
	85.430000	-0.322465	-0.323165
	85.541000	-0.321064	-0.322300
	85.647000	-0.322862	-0.323908
	85.753000	-0.320821	-0.322534
	85.859000	-0.321294	-0.322096
	85.963000	-0.321455	-0.322616
	86.068000	-0.321883	-0.321748
	86.175000	-0.322520	-0.323122
	86.284000	-0.321922	-0.322218
	86.391000	-0.319950	-0.321442
	86.502000	-0.322754	-0.324019
	86.613000	-0.323891	-0.324315
	86.719000	-0.323306	-0.324141
	86.825000	-0.322323	-0.323099
	86.931000	-0.323010	-0.323165
	87.039000	-0.321853	-0.323257
	87.150000	-0.321268	-0.321367
	87.261000	-0.321206	-0.323260
	87.373000	-0.321123	-0.321847
	87.482000	-0.322389	-0.323625
	87.587000	-0.323115	-0.323204
	87.691000	-0.322018	-0.323507
	87.798000	-0.322925	-0.324184
	87.905000	-0.323224	-0.323714
	88.010000	-0.322599	-0.323628
	88.114000	-0.322882	-0.324302
	88.225000	-0.326330	-0.327267
	88.335000	-0.323359	-0.323664
	88.441000	-0.323221	-0.324470
	88.545000	-0.323868	-0.324250
	88.653000	-0.321669	-0.322064
	88.763000	-0.324996	-0.325624
	88.868000	-0.321584	-0.322718
	88.976000	-0.323474	-0.324812
	89.085000	-0.322488	-0.324046
	89.194000	-0.324069	-0.325213
	89.305000	-0.324338	-0.325837
	89.412000	-0.325065	-0.325729
	89.518000	-0.323033	-0.323839
	89.623000	-0.323457	-0.325232
	89.733000	-0.322603	-0.324128
	89.839000	-0.325380	-0.325798
	89.945000	-0.324075	-0.324325
	90.056000	-0.327691	-0.328345
	90.166000	-0.323655	-0.324989
	90.276000	-0.323783	-0.324443
	90.387000	-0.323822	-0.325130
	90.493000	-0.322820	-0.323398
	90.602000	-0.322353	-0.322941
	90.708000	-0.323303	-0.324516
	90.819000	-0.323651	-0.324499
	90.927000	-0.322688	-0.323885
	91.033000	-0.324582	-0.325416
	91.141000	-0.323632	-0.324003
	91.247000	-0.324075	-0.325022
	91.356000	-0.322451	-0.324128
	91.468000	-0.323063	-0.324240
	91.579000	-0.323300	-0.324144
	91.685000	-0.322540	-0.323694
	91.792000	-0.323112	-0.324348
	91.900000	-0.322537	-0.322994
	92.006000	-0.323158	-0.324394
	92.116000	-0.326274	-0.327224
	92.222000	-0.322958	-0.323865
	92.333000	-0.322110	-0.323267
	92.438000	-0.324519	-0.324996
	92.547000	-0.322754	-0.323727
	92.658000	-0.323898	-0.325042
	92.767000	-0.324312	-0.325006
	92.873000	-0.324325	-0.325660
	92.980000	-0.322152	-0.323014
	93.090000	-0.322116	-0.323346
	93.196000	-0.325610	-0.325988
	93.301000	-0.322737	-0.323730
	93.410000	-0.321853	-0.322961
	93.515000	-0.323063	-0.323447
	93.624000	-0.323687	-0.324821
	93.729000	-0.323083	-0.324493
	93.835000	-0.322774	-0.323158
	93.941000	-0.323365	-0.324052
	94.051000	-0.321784	-0.321916
	94.158000	-0.322379	-0.323770
	94.261000	-0.323300	-0.324003
	94.368000	-0.322695	-0.323513
	94.476000	-0.322422	-0.323546
	94.586000	-0.321679	-0.322691
	94.697000	-0.322534	-0.323783
	94.803000	-0.321173	-0.322685
	94.915000	-0.322093	-0.323526
	95.025000	-0.320969	-0.322379
	95.132000	-0.321995	-0.323145
	95.241000	-0.321833	-0.322284
	95.352000	-0.323112	-0.324789
	95.460000	-0.322116	-0.323283
	95.569000	-0.323244	-0.323730
	95.677000	-0.321521	-0.322159
	95.783000	-0.321755	-0.322849
	95.891000	-0.322968	-0.324486
	96.002000	-0.322386	-0.324138
	96.108000	-0.322287	-0.323789
	96.219000	-0.322004	-0.323254
	96.330000	-0.321278	-0.322659
	96.440000	-0.320939	-0.321449
	96.550000	-0.322050	-0.323372
	96.660000	-0.320213	-0.321508
	96.769000	-0.322100	-0.323257
	96.875000	-0.321718	-0.321709
	96.987000	-0.321107	-0.321929
	97.097000	-0.321156	-0.322336
	97.207000	-0.322576	-0.323539
	97.312000	-0.320295	-0.321584
	97.420000	-0.323277	-0.323470
	97.530000	-0.319115	-0.320049
	97.640000	-0.322060	-0.321656
	97.743000	-0.319687	-0.320252
	97.849000	-0.321442	-0.323155
	97.958000	-0.318964	-0.319572
	98.070000	-0.321035	-0.322021
	98.175000	-0.318813	-0.319763
	98.281000	-0.320068	-0.320006
	98.385000	-0.321636	-0.322639
	98.493000	-0.319177	-0.320913
	98.605000	-0.319477	-0.320058
	98.715000	-0.320318	-0.321377
	98.820000	-0.320979	-0.321995
	98.929000	-0.319233	-0.320311
	99.037000	-0.319624	-0.321189
	99.142000	-0.319582	-0.319956
	99.251000	-0.318451	-0.319457
	99.362000	-0.321087	-0.321833
	99.470000	-0.319924	-0.321077
	99.578000	-0.321041	-0.321475
	99.686000	-0.319628	-0.319855
	99.797000	-0.319391	-0.319825
	99.907000	-0.319786	-0.321344
	100.018000	-0.321791	-0.322590
	100.124000	-0.319924	-0.320410
	100.234000	-0.320949	-0.321932
	100.338000	-0.317445	-0.319177
	100.448000	-0.321294	-0.321633
	100.553000	-0.320841	-0.322659
	100.661000	-0.321656	-0.321518
	100.770000	-0.320111	-0.321830
	100.877000	-0.320897	-0.321814
	100.983000	-0.321068	-0.322031
	101.092000	-0.320519	-0.322192
	101.197000	-0.321202	-0.321666
	101.301000	-0.324884	-0.325689
	101.408000	-0.320072	-0.320962
	101.519000	-0.323444	-0.324157
	101.631000	-0.319319	-0.320719
	101.740000	-0.319979	-0.321317
	101.844000	-0.319266	-0.319851
	101.951000	-0.320584	-0.321455
	102.057000	-0.318813	-0.320285
	102.166000	-0.318960	-0.319286
	102.270000	-0.323240	-0.324046
	102.382000	-0.324361	-0.325311
	102.491000	-0.324706	-0.326182
	102.601000	-0.320713	-0.321643
	102.705000	-0.318372	-0.319644
	102.817000	-0.318300	-0.319549
	102.923000	-0.319362	-0.319897
	103.028000	-0.318556	-0.319776
	103.132000	-0.319289	-0.320318
	103.239000	-0.319680	-0.321308
	103.349000	-0.318964	-0.319516
	103.457000	-0.318780	-0.319299
	103.560000	-0.319342	-0.319273
	103.664000	-0.320262	-0.320966
	103.768000	-0.317823	-0.318790
	103.879000	-0.318020	-0.319062
	103.984000	-0.319657	-0.319805
	104.088000	-0.318596	-0.319223
	104.199000	-0.318970	-0.319753
	104.309000	-0.318836	-0.319970
	104.414000	-0.320985	-0.321889
	104.524000	-0.318369	-0.320058
	104.631000	-0.318270	-0.319237
	104.735000	-0.317356	-0.318283
	104.840000	-0.317310	-0.318510
	104.951000	-0.319207	-0.319736
	105.058000	-0.318513	-0.319694
	105.164000	-0.320229	-0.320614
	105.271000	-0.319240	-0.320584
	105.380000	-0.317350	-0.318717
	105.490000	-0.319154	-0.319549
	105.601000	-0.318513	-0.320104
	105.711000	-0.318073	-0.318944
	105.814000	-0.318438	-0.318901
	105.920000	-0.319053	-0.320052
	106.023000	-0.316801	-0.318395
	106.129000	-0.316456	-0.317800
	106.236000	-0.317179	-0.317958
	106.348000	-0.318152	-0.319529
	106.457000	-0.318241	-0.318803
	106.561000	-0.318697	-0.319654
	106.668000	-0.317238	-0.317994
	106.779000	-0.317139	-0.318135
	106.890000	-0.317731	-0.319164
	106.999000	-0.319069	-0.319855
	107.102000	-0.319746	-0.321041
	107.206000	-0.317731	-0.318865
	107.317000	-0.318806	-0.319963
	107.425000	-0.316538	-0.317889
	107.531000	-0.317748	-0.319128
	107.638000	-0.317708	-0.318697
	107.749000	-0.320311	-0.320969
	107.855000	-0.318740	-0.319319
	107.961000	-0.318573	-0.319740
	108.065000	-0.318175	-0.319654
	108.169000	-0.318898	-0.318747
	108.274000	-0.318139	-0.318316
	108.379000	-0.317586	-0.318181
	108.483000	-0.315354	-0.316265
	108.586000	-0.317245	-0.318096
	108.691000	-0.316387	-0.317711
	108.803000	-0.317955	-0.318244
	108.911000	-0.316906	-0.318796
	109.023000	-0.317849	-0.317632
	109.135000	-0.315907	-0.317570
	109.245000	-0.317034	-0.318040
	109.349000	-0.317511	-0.319220
	109.455000	-0.316778	-0.318323
	109.561000	-0.316472	-0.317251
	109.670000	-0.315585	-0.316630
	109.776000	-0.315529	-0.317093
	109.884000	-0.316482	-0.318283
	109.991000	-0.316163	-0.316821
	110.096000	-0.314227	-0.314773
	110.205000	-0.317159	-0.318185
	110.310000	-0.315831	-0.316926
	110.418000	-0.318280	-0.319043
	110.523000	-0.316347	-0.317600
	110.631000	-0.316157	-0.316449
	110.736000	-0.316035	-0.317524
	110.842000	-0.315052	-0.316226
	110.951000	-0.315617	-0.317675
	111.057000	-0.315545	-0.316860
	111.165000	-0.314602	-0.315867
	111.272000	-0.317008	-0.318346
	111.382000	-0.315305	-0.317208
	111.488000	-0.316117	-0.317225
	111.593000	-0.315907	-0.316827
	111.699000	-0.315614	-0.316495
	111.809000	-0.315032	-0.316406
	111.915000	-0.313494	-0.314289
	112.026000	-0.315197	-0.316442
	112.137000	-0.316058	-0.317185
	112.247000	-0.315420	-0.316512
	112.350000	-0.315509	-0.316110
	112.459000	-0.314970	-0.315976
	112.564000	-0.313540	-0.315049
	112.673000	-0.314280	-0.315305
	112.781000	-0.312886	-0.314148
	112.892000	-0.314796	-0.315706
	113.000000	-0.313418	-0.314878
	113.109000	-0.314621	-0.315723
	113.219000	-0.314592	-0.315588
	113.324000	-0.311518	-0.312633
	113.429000	-0.314986	-0.315621
	113.535000	-0.315187	-0.315601
	113.640000	-0.315302	-0.315920
	113.748000	-0.314496	-0.316015
	113.854000	-0.313175	-0.314312
	113.965000	-0.313103	-0.314178
	114.074000	-0.315535	-0.316045
	114.181000	-0.313287	-0.314878
	114.289000	-0.313408	-0.315052
	114.394000	-0.314566	-0.315749
	114.502000	-0.314043	-0.314546
	114.608000	-0.314441	-0.316041
	114.717000	-0.315016	-0.315765
	114.827000	-0.313464	-0.314960
	114.933000	-0.313142	-0.313675
	115.043000	-0.313142	-0.314595
	115.154000	-0.315266	-0.315483
	115.258000	-0.313122	-0.314454
	115.366000	-0.313671	-0.314865
	115.475000	-0.313652	-0.314825
	115.582000	-0.311594	-0.313218
	115.691000	-0.313261	-0.313885
	115.796000	-0.313589	-0.314352
	115.906000	-0.311058	-0.312317
	116.013000	-0.312672	-0.313441
	116.124000	-0.313389	-0.313826
	116.235000	-0.312347	-0.313458
	116.346000	-0.311387	-0.312629
	116.450000	-0.311683	-0.312179
	116.556000	-0.313869	-0.314782
	116.664000	-0.313740	-0.315328
	116.775000	-0.313257	-0.314214
	116.879000	-0.312527	-0.313701
	116.989000	-0.311538	-0.313053
	117.094000	-0.312731	-0.313293
	117.198000	-0.313369	-0.314280
	117.304000	-0.313895	-0.315489
	117.413000	-0.312435	-0.313892
	117.525000	-0.314723	-0.315312
	117.633000	-0.313938	-0.314365
	117.738000	-0.311318	-0.313293
	117.844000	-0.311518	-0.313602
	117.951000	-0.314145	-0.314513
	118.055000	-0.312389	-0.312695
	118.162000	-0.314464	-0.315417
	118.272000	-0.312639	-0.313622
	118.377000	-0.311604	-0.313297
	118.483000	-0.313760	-0.314240
	118.587000	-0.312504	-0.313191
	118.693000	-0.313405	-0.314388
	118.798000	-0.312919	-0.313839
	118.908000	-0.311877	-0.312577
	119.019000	-0.313178	-0.314164
	119.124000	-0.314257	-0.315174
	119.229000	-0.311531	-0.313175
	119.334000	-0.312465	-0.313737
	119.441000	-0.310056	-0.311351
	119.550000	-0.310762	-0.311992
	119.660000	-0.310581	-0.311413
	119.766000	-0.311081	-0.312156
	119.873000	-0.313497	-0.314355
	119.986000	-0.310460	-0.311331
	120.093000	-0.312324	-0.313090
	120.201000	-0.311101	-0.312373
	120.308000	-0.311946	-0.312541
	120.415000	-0.311374	-0.312153
	120.523000	-0.312771	-0.313675
	120.628000	-0.312574	-0.313645
	120.735000	-0.310355	-0.311002
	120.840000	-0.310953	-0.312593
	120.948000	-0.309921	-0.310769
	121.057000	-0.313034	-0.314427
	121.163000	-0.310798	-0.312002
	121.270000	-0.311433	-0.312610
	121.380000	-0.312738	-0.313550
	121.488000	-0.312669	-0.313359
	121.598000	-0.310772	-0.311781
	121.703000	-0.308951	-0.309766
	121.808000	-0.312564	-0.313708
	121.917000	-0.311183	-0.311581
	122.027000	-0.309812	-0.311367
	122.137000	-0.311091	-0.311936
	122.247000	-0.311163	-0.311998
	122.358000	-0.312061	-0.312751
	122.467000	-0.312912	-0.314092
	122.577000	-0.312274	-0.313185
	122.682000	-0.310358	-0.311038
	122.789000	-0.312179	-0.314273
	122.894000	-0.311492	-0.312702
	123.005000	-0.309963	-0.311025
	123.112000	-0.311998	-0.313162
	123.218000	-0.309451	-0.310578
	123.328000	-0.310818	-0.312317
	123.432000	-0.310637	-0.312011
	123.539000	-0.312478	-0.313836
	123.643000	-0.312225	-0.313024
	123.749000	-0.310315	-0.311308
	123.854000	-0.310319	-0.312041
	123.959000	-0.309346	-0.310194
	124.068000	-0.311009	-0.312087
	124.178000	-0.315486	-0.315723
	124.288000	-0.314322	-0.314990
	124.393000	-0.311548	-0.313027
	124.499000	-0.310946	-0.312360
	124.605000	-0.308820	-0.309707
	124.711000	-0.310276	-0.310756
	124.816000	-0.310828	-0.311499
	124.922000	-0.311515	-0.313241
	125.030000	-0.308708	-0.310335
	125.140000	-0.309454	-0.310729
	125.250000	-0.310401	-0.311581
	125.358000	-0.311489	-0.311952
	125.468000	-0.310138	-0.311061
	125.579000	-0.309917	-0.310184
	125.688000	-0.310282	-0.310841
	125.797000	-0.308658	-0.309753
	125.903000	-0.308021	-0.309152
	126.013000	-0.309365	-0.309812
	126.120000	-0.309595	-0.310197
	126.229000	-0.309589	-0.310706
	126.339000	-0.309286	-0.310733
	126.443000	-0.309960	-0.311328
	126.549000	-0.308290	-0.309125
	126.658000	-0.308412	-0.309888
	126.761000	-0.308530	-0.309171
	126.866000	-0.307557	-0.309322
	126.973000	-0.309299	-0.309674
	127.079000	-0.310187	-0.311512
	127.189000	-0.309375	-0.310634
	127.296000	-0.309066	-0.310351
	127.406000	-0.310131	-0.311518
	127.518000	-0.310348	-0.311357
	127.627000	-0.312271	-0.312715
	127.733000	-0.310276	-0.311992
	127.838000	-0.309960	-0.310772
	127.942000	-0.309513	-0.310144
	128.048000	-0.309332	-0.310690
	128.153000	-0.309651	-0.310604
	128.258000	-0.308622	-0.309142
	128.366000	-0.310019	-0.311347
	128.475000	-0.308451	-0.309175
	128.579000	-0.308688	-0.309602
	128.685000	-0.307741	-0.308951
	128.791000	-0.308027	-0.308504
	128.896000	-0.308195	-0.309336
	129.006000	-0.308866	-0.310664
	129.113000	-0.308386	-0.308754
	129.218000	-0.310157	-0.310486
	129.324000	-0.309681	-0.310358
	129.429000	-0.308681	-0.310115
	129.533000	-0.310039	-0.310940
	129.643000	-0.308810	-0.310282
	129.752000	-0.309342	-0.310549
	129.856000	-0.309546	-0.310739
	129.963000	-0.308662	-0.310190
	130.068000	-0.309931	-0.310946
	130.175000	-0.305546	-0.306903
	130.282000	-0.308935	-0.309244
	130.390000	-0.309839	-0.310463
	130.493000	-0.310348	-0.311407
	130.600000	-0.307028	-0.307833
	130.705000	-0.307840	-0.308668
	130.814000	-0.308547	-0.309730
	130.923000	-0.309480	-0.309697
	131.028000	-0.308514	-0.309602
	131.135000	-0.307738	-0.308964
	131.241000	-0.307768	-0.308984
	131.352000	-0.307206	-0.308543
	131.462000	-0.310489	-0.311259
	131.568000	-0.309152	-0.310890
	131.675000	-0.306828	-0.308396
	131.782000	-0.306571	-0.306995
	131.887000	-0.307837	-0.309467
	131.995000	-0.310121	-0.310463
	132.100000	-0.308146	-0.309079
	132.207000	-0.309296	-0.310503
	132.319000	-0.308622	-0.309914
	132.429000	-0.309194	-0.310187
	132.538000	-0.305618	-0.307222
	132.642000	-0.310131	-0.311038
	132.748000	-0.307498	-0.308445
	132.856000	-0.307912	-0.309405
	132.959000	-0.309073	-0.309628
	133.063000	-0.306423	-0.307794
	133.173000	-0.307689	-0.309145
	133.278000	-0.307222	-0.308221
	133.389000	-0.309076	-0.309112
	133.499000	-0.307863	-0.308833
	133.604000	-0.308221	-0.309066
	133.714000	-0.307692	-0.308474
	133.823000	-0.308471	-0.308895
	133.930000	-0.307176	-0.308392
	134.041000	-0.307350	-0.308688
	134.145000	-0.309799	-0.310499
	134.250000	-0.309046	-0.309868
	134.361000	-0.309536	-0.310848
	134.471000	-0.307403	-0.308701
	134.577000	-0.306712	-0.307801
	134.683000	-0.308573	-0.308616
	134.788000	-0.307755	-0.308451
	134.893000	-0.308211	-0.309237
	134.998000	-0.306726	-0.308323
	135.102000	-0.306703	-0.306801
	135.212000	-0.306525	-0.308349
	135.318000	-0.306985	-0.307985
	135.423000	-0.307636	-0.308096
	135.532000	-0.306712	-0.306923
	135.635000	-0.308583	-0.310328
	135.743000	-0.307452	-0.308238
	135.848000	-0.307916	-0.308169
	135.954000	-0.305513	-0.307064
	136.061000	-0.306121	-0.308859
	136.165000	-0.306154	-0.306288
	136.270000	-0.306219	-0.306837
	136.380000	-0.307469	-0.308080
	136.489000	-0.306463	-0.307501
	136.599000	-0.306032	-0.307100
	136.712000	-0.306019	-0.307242
	136.823000	-0.307360	-0.307968
	136.933000	-0.307656	-0.308711
	137.037000	-0.305204	-0.307133
	137.144000	-0.305667	-0.306499
	137.252000	-0.307025	-0.307593
	137.362000	-0.305361	-0.306042
	137.472000	-0.309457	-0.309950
	137.576000	-0.305158	-0.306137
	137.682000	-0.305125	-0.305332
	137.787000	-0.306147	-0.306982
	137.893000	-0.306216	-0.306975
	137.998000	-0.304704	-0.305835
	138.104000	-0.305463	-0.306071
	138.212000	-0.305716	-0.306226
	138.320000	-0.304425	-0.305661
	138.430000	-0.306131	-0.307511
	138.538000	-0.305158	-0.306249
	138.643000	-0.305434	-0.306607
	138.748000	-0.304260	-0.305315
	138.853000	-0.305960	-0.307676
	138.963000	-0.306624	-0.307774
	139.073000	-0.305989	-0.306933
	139.179000	-0.305391	-0.306331
	139.284000	-0.306413	-0.307324
	139.395000	-0.305615	-0.306972
	139.499000	-0.303869	-0.305628
	139.604000	-0.305779	-0.306581
	139.707000	-0.306831	-0.307748
	139.814000	-0.305105	-0.305943
	139.920000	-0.303534	-0.304461
	140.026000	-0.304494	-0.305052
	140.136000	-0.305799	-0.307626
	140.246000	-0.305427	-0.306505
	140.351000	-0.304743	-0.305059
	140.458000	-0.305191	-0.306952
	140.564000	-0.307439	-0.307662
	140.669000	-0.304753	-0.306716
	140.774000	-0.305582	-0.306315
	140.879000	-0.306108	-0.307472
	140.985000	-0.303189	-0.305089
	141.093000	-0.303310	-0.304457
	141.198000	-0.303527	-0.304658
	141.303000	-0.305161	-0.306298
	141.410000	-0.303899	-0.305447
	141.515000	-0.306397	-0.307475
	141.623000	-0.303554	-0.304168
	141.732000	-0.304287	-0.304793
	141.842000	-0.306173	-0.306877
	141.946000	-0.305279	-0.306048
	142.051000	-0.304510	-0.305953
	142.156000	-0.302778	-0.304076
	142.262000	-0.304237	-0.304780
	142.371000	-0.303491	-0.304566
	142.483000	-0.303554	-0.304661
	142.592000	-0.303208	-0.303629
	142.696000	-0.304993	-0.305726
	142.804000	-0.305174	-0.306361
	142.914000	-0.304388	-0.305947
	143.023000	-0.304954	-0.305894
	143.127000	-0.306025	-0.307508
	143.231000	-0.303747	-0.304737
	143.337000	-0.305407	-0.305818
	143.446000	-0.303235	-0.303830
	143.551000	-0.305592	-0.306755
	143.657000	-0.302544	-0.303087
	143.763000	-0.302600	-0.303616
	143.871000	-0.304546	-0.305375
	143.981000	-0.303616	-0.305089
	144.085000	-0.303202	-0.304402
	144.191000	-0.305168	-0.305746
	144.300000	-0.302728	-0.303642
	144.405000	-0.304388	-0.305263
	144.509000	-0.305289	-0.305891
	144.613000	-0.305072	-0.305799
	144.718000	-0.304060	-0.304816
	144.822000	-0.301686	-0.302574
	144.927000	-0.304040	-0.304967
	145.032000	-0.304398	-0.304520
	145.136000	-0.303116	-0.303320
	145.243000	-0.302949	-0.303816
	145.349000	-0.302337	-0.303649
	145.452000	-0.303018	-0.303537
	145.558000	-0.305832	-0.306653
	145.662000	-0.303517	-0.304605
	145.767000	-0.303718	-0.304411
	145.872000	-0.303268	-0.304349
	145.979000	-0.301345	-0.301956
	146.084000	-0.303889	-0.304704
	146.191000	-0.301795	-0.303448
	146.296000	-0.303494	-0.304352
	146.404000	-0.303738	-0.304951
	146.513000	-0.304162	-0.304546
	146.618000	-0.304073	-0.305217
	146.724000	-0.304050	-0.305361
	146.830000	-0.303659	-0.304421
	146.939000	-0.304099	-0.306801
	147.047000	-0.302843	-0.303879
	147.156000	-0.302202	-0.303540
	147.265000	-0.303554	-0.304369
	147.373000	-0.303932	-0.304901
	147.479000	-0.303734	-0.304004
	147.587000	-0.303110	-0.304602
	147.690000	-0.302456	-0.303498
	147.799000	-0.304260	-0.304987
	147.904000	-0.303501	-0.304763
	148.011000	-0.305273	-0.305647
	148.121000	-0.303103	-0.304770
	148.227000	-0.303415	-0.304461
	148.333000	-0.301703	-0.302728
	148.440000	-0.302423	-0.303616
	148.548000	-0.304346	-0.304878
	148.652000	-0.303100	-0.303603
	148.761000	-0.304119	-0.305477
	148.868000	-0.301903	-0.302636
	148.973000	-0.303044	-0.304214
	149.081000	-0.303274	-0.304231
	149.192000	-0.305125	-0.306200
	149.298000	-0.302692	-0.303222
	149.403000	-0.304947	-0.305713
	149.510000	-0.303724	-0.303951
	149.613000	-0.302091	-0.303077
	149.720000	-0.304178	-0.303833
	149.829000	-0.302653	-0.304083
	149.933000	-0.304132	-0.304185
	150.038000	-0.304895	-0.305108
	150.143000	-0.304135	-0.305999
	150.249000	-0.302403	-0.303350
	150.355000	-0.302673	-0.303688
	150.464000	-0.301075	-0.302202
	150.573000	-0.303780	-0.304356
	150.681000	-0.303310	-0.304747
	150.787000	-0.303346	-0.304119
	150.896000	-0.303356	-0.303994
	151.000000	-0.300421	-0.301792
	151.105000	-0.303149	-0.304053
	151.213000	-0.303728	-0.303978
	151.323000	-0.303636	-0.303859
	151.432000	-0.301979	-0.303218
	151.537000	-0.303310	-0.304017
	151.642000	-0.301565	-0.302728
	151.752000	-0.302906	-0.303734
	151.863000	-0.303143	-0.304609
	151.968000	-0.303172	-0.304125
	152.074000	-0.302449	-0.303945
	152.177000	-0.302820	-0.304254
	152.285000	-0.303241	-0.304155
	152.394000	-0.302518	-0.303241
	152.505000	-0.303330	-0.304162
	152.611000	-0.302084	-0.302883
	152.723000	-0.303021	-0.304310
	152.827000	-0.303724	-0.304901
	152.937000	-0.303557	-0.304415
	153.040000	-0.300128	-0.301522
	153.148000	-0.300832	-0.301805
	153.257000	-0.304425	-0.304951
	153.364000	-0.303695	-0.304454
	153.471000	-0.303028	-0.304878
	153.575000	-0.303208	-0.304734
	153.679000	-0.303517	-0.304947
	153.785000	-0.303037	-0.304175
	153.891000	-0.303764	-0.304214
	153.995000	-0.302403	-0.303014
	154.106000	-0.302945	-0.303912
	154.217000	-0.303968	-0.304931
	154.322000	-0.303882	-0.304934
	154.428000	-0.304303	-0.305891
	154.536000	-0.304540	-0.305845
	154.645000	-0.302048	-0.303577
	154.752000	-0.303386	-0.303918
	154.860000	-0.302748	-0.304171
	154.970000	-0.301700	-0.302755
	155.075000	-0.303540	-0.304747
	155.184000	-0.301588	-0.302377
	155.289000	-0.302373	-0.303501
	155.393000	-0.300740	-0.301384
	155.499000	-0.302807	-0.304339
	155.607000	-0.302199	-0.303494
	155.717000	-0.302091	-0.302866
	155.822000	-0.302459	-0.302906
	155.929000	-0.302600	-0.304188
	156.034000	-0.302676	-0.304017
	156.140000	-0.302081	-0.303639
	156.250000	-0.301647	-0.303123
	156.360000	-0.304536	-0.306325
	156.465000	-0.302804	-0.304017
	156.574000	-0.303129	-0.304066
	156.685000	-0.303018	-0.304379
	156.788000	-0.301792	-0.302179
	156.893000	-0.300506	-0.301631
	156.998000	-0.301243	-0.301815
	157.105000	-0.300437	-0.300733
	157.210000	-0.301502	-0.302633
	157.319000	-0.300865	-0.302344
	157.430000	-0.302860	-0.303106
	157.536000	-0.302548	-0.302416
	157.642000	-0.302853	-0.304323
	157.746000	-0.302449	-0.304448
	157.849000	-0.301578	-0.302502
	157.957000	-0.303951	-0.305013
	158.066000	-0.302051	-0.303603
	158.174000	-0.303222	-0.304027
	158.281000	-0.302032	-0.303419
	158.390000	-0.302653	-0.303797
	158.498000	-0.302120	-0.302857
	158.608000	-0.301213	-0.302594
	158.719000	-0.303757	-0.304047
	158.830000	-0.303570	-0.304119
	158.936000	-0.300375	-0.300792
	159.047000	-0.301450	-0.302715
	159.157000	-0.303836	-0.305217
	159.265000	-0.302627	-0.303632
	159.370000	-0.301006	-0.302114
	159.474000	-0.303028	-0.303915
	159.585000	-0.302419	-0.304559
	159.693000	-0.301016	-0.301765
	159.802000	-0.303300	-0.304237
	159.906000	-0.302354	-0.304336
	160.017000	-0.302722	-0.303724
	160.127000	-0.301857	-0.302850
	160.231000	-0.300710	-0.301394
	160.335000	-0.303655	-0.304191
	160.442000	-0.303320	-0.304911
	160.552000	-0.302436	-0.304333
	160.656000	-0.301801	-0.302715
	160.762000	-0.300151	-0.301374
	160.869000	-0.299786	-0.300980
	160.979000	-0.300201	-0.300575
	161.086000	-0.302942	-0.304550
	161.197000	-0.302104	-0.303067
	161.301000	-0.299727	-0.301407
	161.409000	-0.301200	-0.301706
	161.517000	-0.301815	-0.302025
	161.624000	-0.301512	-0.302834
	161.731000	-0.300963	-0.302216
	161.838000	-0.300355	-0.301473
	161.942000	-0.301673	-0.303037
	162.054000	-0.301095	-0.301864
	162.163000	-0.300828	-0.301634
	162.272000	-0.299869	-0.301351
	162.384000	-0.302722	-0.303205
	162.491000	-0.300625	-0.300740
	162.601000	-0.300881	-0.301923
	162.710000	-0.302936	-0.303606
	162.818000	-0.300707	-0.302097
	162.928000	-0.300168	-0.301598
	163.038000	-0.302350	-0.303202
	163.143000	-0.300513	-0.300552
	163.249000	-0.302936	-0.304152
	163.356000	-0.303245	-0.304313
	163.467000	-0.301427	-0.302442
	163.578000	-0.301834	-0.302719
	163.683000	-0.301108	-0.302130
	163.788000	-0.300970	-0.302508
	163.895000	-0.302331	-0.303271
	163.999000	-0.301864	-0.302360
	164.109000	-0.300999	-0.302939
	164.219000	-0.299162	-0.300654
	164.325000	-0.303741	-0.304086
	164.430000	-0.302071	-0.302824
	164.538000	-0.300358	-0.301203
	164.644000	-0.301769	-0.302334
	164.753000	-0.300286	-0.301854
	164.858000	-0.301407	-0.302439
	164.966000	-0.300582	-0.301423
	165.074000	-0.300654	-0.301621
	165.183000	-0.301821	-0.302794
	165.293000	-0.301746	-0.302419
	165.402000	-0.302163	-0.302899
	165.510000	-0.300911	-0.302265
	165.614000	-0.300339	-0.301713
	165.722000	-0.302347	-0.303271
	165.829000	-0.301782	-0.302364
	165.939000	-0.302285	-0.303251
	166.044000	-0.301282	-0.302232
	166.152000	-0.301775	-0.303123
	166.260000	-0.302715	-0.302932
	166.369000	-0.299770	-0.301197
	166.474000	-0.302452	-0.303304
	166.580000	-0.302225	-0.303310
	166.690000	-0.300326	-0.301838
	166.798000	-0.300835	-0.302837
	166.902000	-0.303839	-0.304227
	167.008000	-0.303064	-0.303570
	167.114000	-0.300270	-0.301348
	167.219000	-0.301943	-0.302548
	167.323000	-0.301999	-0.302268
	167.427000	-0.298735	-0.300519
	167.532000	-0.302163	-0.302636
	167.635000	-0.299425	-0.300345
	167.741000	-0.299970	-0.301144
	167.852000	-0.300385	-0.301414
	167.961000	-0.301236	-0.301443
	168.071000	-0.300776	-0.301555
	168.176000	-0.297739	-0.299218
	168.281000	-0.299678	-0.300312
	168.387000	-0.299392	-0.300608
	168.497000	-0.300293	-0.300776
	168.601000	-0.301558	-0.302219
	168.706000	-0.300930	-0.301841
	168.812000	-0.301492	-0.303054
	168.916000	-0.301223	-0.302771
	169.024000	-0.299615	-0.300529
	169.134000	-0.300217	-0.300924
	169.244000	-0.299096	-0.300089
	169.354000	-0.300437	-0.301690
	169.458000	-0.299924	-0.301062
	169.564000	-0.300842	-0.302360
	169.675000	-0.300345	-0.301423
	169.781000	-0.299103	-0.300263
	169.890000	-0.303008	-0.303560
	169.996000	-0.300017	-0.301299
	170.100000	-0.300750	-0.302147
	170.204000	-0.300194	-0.301003
	170.313000	-0.302097	-0.302564
	170.418000	-0.299152	-0.300556
	170.521000	-0.299803	-0.301223
	170.626000	-0.300204	-0.301644
	170.734000	-0.300648	-0.302479
	170.838000	-0.300523	-0.301907
	170.946000	-0.301279	-0.302600
	171.058000	-0.300309	-0.301164
	171.168000	-0.300003	-0.301815
	171.274000	-0.300717	-0.301210
	171.379000	-0.301322	-0.302308
	171.485000	-0.301953	-0.303333
	171.588000	-0.300638	-0.301328
	171.691000	-0.302380	-0.303741
	171.796000	-0.301187	-0.302350
	171.901000	-0.300030	-0.301006
	172.005000	-0.299208	-0.300010
	172.109000	-0.299905	-0.300404
	172.214000	-0.301174	-0.301693
	172.323000	-0.300171	-0.301529
	172.427000	-0.299435	-0.300487
	172.533000	-0.300687	-0.301578
	172.640000	-0.299888	-0.300944
	172.748000	-0.299047	-0.300076
	172.853000	-0.301345	-0.301466
	172.958000	-0.300569	-0.301190
	173.068000	-0.300940	-0.302143
	173.172000	-0.299395	-0.300901
	173.277000	-0.302406	-0.302922
	173.382000	-0.298031	-0.299099
	173.491000	-0.300848	-0.301673
	173.600000	-0.299303	-0.300118
	173.702000	-0.300697	-0.301137
	173.810000	-0.302367	-0.303054
	173.916000	-0.302061	-0.302725
	174.022000	-0.301982	-0.303609
	174.126000	-0.300858	-0.302584
	174.232000	-0.300569	-0.301440
	174.337000	-0.301907	-0.302998
	174.443000	-0.300799	-0.302078
	174.548000	-0.299911	-0.301006
	174.655000	-0.299954	-0.300720
	174.758000	-0.300312	-0.301246
	174.864000	-0.302610	-0.302922
	174.971000	-0.301427	-0.302331
	175.077000	-0.301397	-0.302722
	175.181000	-0.300059	-0.300907
	175.289000	-0.300888	-0.302058
	175.396000	-0.300372	-0.301778
	175.501000	-0.302005	-0.302429
	175.610000	-0.301200	-0.302035
	175.720000	-0.301433	-0.303106
	175.830000	-0.300092	-0.300940
	175.939000	-0.300904	-0.301137
	176.043000	-0.299849	-0.300661
	176.149000	-0.300588	-0.301197
	176.259000	-0.300355	-0.301075
	176.364000	-0.303586	-0.303987
	176.472000	-0.299070	-0.300572
	176.583000	-0.300312	-0.301404
	176.691000	-0.300776	-0.301798
	176.801000	-0.301414	-0.301686
	176.912000	-0.300237	-0.302219
	177.020000	-0.299343	-0.300441
	177.123000	-0.300796	-0.301542
	177.228000	-0.299731	-0.300454
	177.333000	-0.301315	-0.301775
	177.438000	-0.301473	-0.302774
	177.543000	-0.301236	-0.302153
	177.649000	-0.299359	-0.300565
	177.753000	-0.301995	-0.302939
	177.859000	-0.301591	-0.303054
	177.964000	-0.298527	-0.299425
	178.070000	-0.300819	-0.301111
	178.174000	-0.297926	-0.299905
	178.284000	-0.299865	-0.300967
	178.391000	-0.298649	-0.300194
	178.497000	-0.300490	-0.301121
	178.601000	-0.299152	-0.300326
	178.704000	-0.299662	-0.300253
	178.810000	-0.301239	-0.302755
	178.915000	-0.303813	-0.304001
	179.021000	-0.311426	-0.312123
	179.130000	-0.301072	-0.301627
	179.238000	-0.301851	-0.303724
	179.345000	-0.301042	-0.301361
	179.450000	-0.299869	-0.300884
	179.556000	-0.301696	-0.302942
	179.667000	-0.301561	-0.302620
	179.774000	-0.299306	-0.300201
	179.886000	-0.301440	-0.302521
	179.996000	-0.301282	-0.302189
	180.107000	-0.301910	-0.301884
	180.216000	-0.300947	-0.302232
	180.324000	-0.302018	-0.302893
	180.432000	-0.301065	-0.302308
	180.537000	-0.301598	-0.303524
	180.642000	-0.300881	-0.301440
	180.748000	-0.299300	-0.300128
	180.855000	-0.299497	-0.299921
	180.959000	-0.301006	-0.302456
	181.063000	-0.299099	-0.300309
	181.169000	-0.301206	-0.301515
	181.275000	-0.298662	-0.300608
	181.382000	-0.300664	-0.302449
	181.492000	-0.298215	-0.299392
	181.602000	-0.301180	-0.301746
	181.708000	-0.301946	-0.302965
	181.812000	-0.300358	-0.301124
	181.919000	-0.299862	-0.300608
	182.026000	-0.301164	-0.301568
	182.137000	-0.300095	-0.301029
	182.242000	-0.300559	-0.302038
	182.346000	-0.301157	-0.301821
	182.452000	-0.299727	-0.300848
	182.555000	-0.299823	-0.300815
	182.665000	-0.300546	-0.302124
	182.768000	-0.299576	-0.300976
	182.875000	-0.300470	-0.302370
	182.984000	-0.300865	-0.302554
	183.094000	-0.301210	-0.301851
	183.204000	-0.302137	-0.302633
	183.313000	-0.300759	-0.301821
	183.422000	-0.300059	-0.301670
	183.529000	-0.299731	-0.300477
	183.637000	-0.300536	-0.301450
	183.743000	-0.300648	-0.301989
	183.847000	-0.298034	-0.299014
	183.955000	-0.299083	-0.300112
	184.065000	-0.300851	-0.302350
	184.175000	-0.298830	-0.299816
	184.281000	-0.300066	-0.301377
	184.387000	-0.308202	-0.309355
	184.492000	-0.304500	-0.305260
	184.597000	-0.300661	-0.301427
	184.703000	-0.301308	-0.301414
	184.809000	-0.298560	-0.300506
	184.914000	-0.299615	-0.300003
	185.024000	-0.298557	-0.299638
	185.134000	-0.299402	-0.299816
	185.239000	-0.297051	-0.298636
	185.343000	-0.299106	-0.300115
	185.449000	-0.299244	-0.301170
	185.553000	-0.299234	-0.300444
	185.660000	-0.299543	-0.300625
	185.769000	-0.298945	-0.300342
	185.879000	-0.297153	-0.298715
	185.983000	-0.299852	-0.300871
	186.088000	-0.299500	-0.301170
	186.195000	-0.301226	-0.301903
	186.301000	-0.299306	-0.300845
	186.408000	-0.300983	-0.301956
	186.517000	-0.299754	-0.300947
	186.626000	-0.299734	-0.301404
	186.730000	-0.300309	-0.301137
	186.837000	-0.299770	-0.300917
	186.941000	-0.298928	-0.299527
	187.045000	-0.302275	-0.302873
	187.150000	-0.300681	-0.301243
	187.257000	-0.298501	-0.300467
	187.361000	-0.299034	-0.300779
	187.466000	-0.299592	-0.300605
	187.575000	-0.298639	-0.300151
	187.683000	-0.300720	-0.302186
	187.788000	-0.296927	-0.298850
	187.894000	-0.299606	-0.299951
	188.000000	-0.306311	-0.306242
	188.109000	-0.300917	-0.301709
	188.215000	-0.300040	-0.300658
	188.320000	-0.299300	-0.300000
	188.427000	-0.298143	-0.299119
	188.536000	-0.299888	-0.300930
	188.644000	-0.300618	-0.300970
	188.748000	-0.300496	-0.301920
	188.857000	-0.298932	-0.299615
	188.967000	-0.298754	-0.300191
	189.071000	-0.299560	-0.301134
	189.178000	-0.300086	-0.300256
	189.286000	-0.300473	-0.301193
	189.390000	-0.301979	-0.303425
	189.496000	-0.300020	-0.301358
	189.606000	-0.299599	-0.300391
	189.710000	-0.301187	-0.302396
	189.819000	-0.298511	-0.300283
	189.929000	-0.298679	-0.299915
	190.033000	-0.299313	-0.300112
	190.140000	-0.300026	-0.301045
	190.245000	-0.298873	-0.301006
	190.349000	-0.297587	-0.299724
	190.455000	-0.299800	-0.301397
	190.559000	-0.299353	-0.300079
	190.664000	-0.299333	-0.299612
	190.769000	-0.299569	-0.300559
	190.873000	-0.300944	-0.301588
	190.982000	-0.299257	-0.300615
	191.087000	-0.300072	-0.301542
	191.190000	-0.300003	-0.301558
	191.296000	-0.298021	-0.299563
	191.403000	-0.299747	-0.300605
	191.512000	-0.299208	-0.299757
	191.622000	-0.298186	-0.300043
	191.729000	-0.298672	-0.299997
	191.836000	-0.299514	-0.300638
	191.939000	-0.297699	-0.298843
	192.047000	-0.299191	-0.300628
	192.157000	-0.300128	-0.301147
	192.267000	-0.298021	-0.299678
	192.378000	-0.298350	-0.300309
	192.484000	-0.298840	-0.300362
	192.589000	-0.297236	-0.299448
	192.695000	-0.300355	-0.300727
	192.801000	-0.298833	-0.300132
	192.905000	-0.299175	-0.300059
	193.010000	-0.297801	-0.298554
	193.114000	-0.298547	-0.299090
	193.225000	-0.297545	-0.298695
	193.336000	-0.299346	-0.300608
	193.441000	-0.300138	-0.300503
	193.547000	-0.299767	-0.301328
	193.654000	-0.298495	-0.299839
	193.761000	-0.298153	-0.299471
	193.869000	-0.297660	-0.297775
	193.973000	-0.297791	-0.298639
	194.079000	-0.301335	-0.300884
	194.185000	-0.296963	-0.299731
	194.289000	-0.298504	-0.299546
	194.394000	-0.298705	-0.299274
	194.500000	-0.297962	-0.298892
	194.609000	-0.300187	-0.301200
	194.719000	-0.297857	-0.298925
	194.823000	-0.298412	-0.299438
	194.927000	-0.298287	-0.299481
	195.031000	-0.299977	-0.300450
	195.136000	-0.298048	-0.299527
	195.240000	-0.299113	-0.299947
	195.345000	-0.297160	-0.297771
	195.450000	-0.297308	-0.298445
	195.558000	-0.298195	-0.299609
	195.663000	-0.297393	-0.297814
	195.768000	-0.299356	-0.300444
	195.875000	-0.306420	-0.308044
	195.985000	-0.303984	-0.304648
	196.089000	-0.302367	-0.304359
	196.193000	-0.297771	-0.299145
	196.297000	-0.299376	-0.300243
	196.401000	-0.299435	-0.300155
	196.507000	-0.298774	-0.299875
	196.613000	-0.297245	-0.298810
	196.717000	-0.300181	-0.300641
	196.825000	-0.299063	-0.299609
	196.931000	-0.296858	-0.297768
	197.037000	-0.298922	-0.299579
	197.146000	-0.297360	-0.298554
	197.251000	-0.297633	-0.298649
	197.357000	-0.298708	-0.299592
	197.464000	-0.312080	-0.312527
	197.575000	-0.312195	-0.313468
	197.682000	-0.299468	-0.300253
	197.785000	-0.297604	-0.298028
	197.893000	-0.297387	-0.297729
	198.000000	-0.296785	-0.298389
	198.106000	-0.300135	-0.300710
	198.210000	-0.297775	-0.299024
	198.315000	-0.299576	-0.300835
	198.419000	-0.298873	-0.300516
	198.525000	-0.298859	-0.299205
	198.632000	-0.300986	-0.302436
	198.739000	-0.297531	-0.299149
	198.846000	-0.300082	-0.301272
	198.950000	-0.299408	-0.300128
	199.056000	-0.299777	-0.300418
	199.160000	-0.297873	-0.298958
	199.268000	-0.299070	-0.299550
	199.376000	-0.298057	-0.299780
	199.486000	-0.296503	-0.297840
	199.590000	-0.299320	-0.300503
	199.697000	-0.296989	-0.298140
	199.801000	-0.297857	-0.299083
	199.907000	-0.297696	-0.298005
	200.012000	-0.298833	-0.300388
	200.118000	-0.296923	-0.298156
	200.229000	-0.300444	-0.301059
	200.333000	-0.298153	-0.299063
	200.438000	-0.299481	-0.300861
	200.544000	-0.299487	-0.300391
	200.655000	-0.298813	-0.300526
	200.765000	-0.300460	-0.301174
	200.869000	-0.298130	-0.298988
	200.978000	-0.299872	-0.300940
	201.083000	-0.298974	-0.299869
	201.186000	-0.298396	-0.299011
	201.291000	-0.298202	-0.299892
	201.399000	-0.296890	-0.297877
	201.503000	-0.299201	-0.300529
	201.610000	-0.299563	-0.300332
	201.720000	-0.297479	-0.299257
	201.824000	-0.299382	-0.300920
	201.928000	-0.300240	-0.300454
	202.036000	-0.299195	-0.299520
	202.141000	-0.299159	-0.300289
	202.245000	-0.299326	-0.300871
	202.354000	-0.297814	-0.299162
	202.459000	-0.299688	-0.300279
	202.565000	-0.298340	-0.299379
	202.671000	-0.300161	-0.300930
	202.775000	-0.298268	-0.299885
	202.880000	-0.300030	-0.301082
	202.986000	-0.298117	-0.298672
	203.097000	-0.298409	-0.299566
	203.203000	-0.298166	-0.299405
	203.307000	-0.297985	-0.298406
	203.413000	-0.299448	-0.300542
	203.518000	-0.297982	-0.299306
	203.623000	-0.296772	-0.298117
	203.728000	-0.297896	-0.298429
	203.835000	-0.296943	-0.297919
	203.938000	-0.298363	-0.299464
	204.045000	-0.299615	-0.300842
	204.151000	-0.297433	-0.298034
	204.257000	-0.298412	-0.300023
	204.363000	-0.296466	-0.298172
	204.468000	-0.298008	-0.298777
	204.573000	-0.296713	-0.297755
	204.679000	-0.298945	-0.300197
	204.789000	-0.298869	-0.299635
	204.898000	-0.297946	-0.299464
	205.006000	-0.297357	-0.298120
	205.113000	-0.297571	-0.297982
	205.218000	-0.299093	-0.300059
	205.323000	-0.299297	-0.299931
	205.429000	-0.299096	-0.300648
	205.534000	-0.297485	-0.298038
	205.638000	-0.299694	-0.300690
	205.743000	-0.298393	-0.299333
	205.849000	-0.297311	-0.298866
	205.958000	-0.299438	-0.300556
	206.064000	-0.298541	-0.300082
	206.171000	-0.298577	-0.299826
	206.275000	-0.295283	-0.296253
	206.381000	-0.298981	-0.298945
	206.486000	-0.298123	-0.299579
	206.591000	-0.299251	-0.299303
	206.695000	-0.298603	-0.299954
	206.803000	-0.297617	-0.299658
	206.910000	-0.298876	-0.299468
	207.015000	-0.299274	-0.300214
	207.122000	-0.298882	-0.299241
	207.227000	-0.297837	-0.298429
	207.332000	-0.298205	-0.298942
	207.437000	-0.299454	-0.300625
	207.541000	-0.297742	-0.299178
	207.646000	-0.298205	-0.299214
	207.753000	-0.299849	-0.299668
	207.858000	-0.299540	-0.300293
	207.963000	-0.300214	-0.301078
	208.070000	-0.296996	-0.297877
	208.176000	-0.298866	-0.299369
	208.283000	-0.299027	-0.300805
	208.387000	-0.298340	-0.299422
	208.493000	-0.297755	-0.298639
	208.597000	-0.297157	-0.298439
	208.704000	-0.295628	-0.297472
	208.810000	-0.299090	-0.299612
	208.914000	-0.296726	-0.297012
	209.020000	-0.296687	-0.298386
	209.126000	-0.296526	-0.297561
	209.233000	-0.296611	-0.297689
	209.341000	-0.298495	-0.299701
	209.443000	-0.298820	-0.300184
	209.549000	-0.298005	-0.299027
	209.656000	-0.299313	-0.300575
	209.765000	-0.298238	-0.299175
	209.872000	-0.298705	-0.299599
	209.976000	-0.297752	-0.298166
	210.080000	-0.298090	-0.299126
	210.185000	-0.299300	-0.300454
	210.294000	-0.299376	-0.299901
	210.403000	-0.298324	-0.299957
	210.509000	-0.298163	-0.299297
	210.612000	-0.298541	-0.299211
	210.719000	-0.298084	-0.299231
	210.829000	-0.296588	-0.297314
	210.937000	-0.297466	-0.298521
	211.041000	-0.297321	-0.297985
	211.145000	-0.298560	-0.299918
	211.253000	-0.299842	-0.300243
	211.358000	-0.298041	-0.298942
	211.462000	-0.298705	-0.299632
	211.567000	-0.296749	-0.298386
	211.673000	-0.297360	-0.297591
	211.779000	-0.296598	-0.298159
	211.883000	-0.298258	-0.298669
	211.989000	-0.298215	-0.299191
	212.094000	-0.298031	-0.299126
	212.199000	-0.296266	-0.297341
	212.305000	-0.299592	-0.300743
	212.412000	-0.296335	-0.298001
	212.517000	-0.294981	-0.296355
	212.621000	-0.297906	-0.299165
	212.731000	-0.298843	-0.299520
	212.837000	-0.297988	-0.299500
	212.947000	-0.298094	-0.299750
	213.053000	-0.294626	-0.295365
	213.159000	-0.298094	-0.299188
	213.263000	-0.299974	-0.300914
	213.372000	-0.296226	-0.297683
	213.481000	-0.298192	-0.299665
	213.585000	-0.298018	-0.298981
	213.691000	-0.297055	-0.297969
	213.797000	-0.297219	-0.298399
	213.901000	-0.298629	-0.300358
	214.004000	-0.297278	-0.297949
	214.111000	-0.296838	-0.298712
	214.218000	-0.298159	-0.298817
	214.324000	-0.299149	-0.300385
	214.430000	-0.295891	-0.296973
	214.536000	-0.298159	-0.299142
	214.641000	-0.296006	-0.296644
	214.746000	-0.296312	-0.297535
	214.852000	-0.297449	-0.298501
	214.957000	-0.296335	-0.297827
	215.067000	-0.297002	-0.298107
	215.170000	-0.298610	-0.300184
	215.277000	-0.297847	-0.298307
	215.381000	-0.297637	-0.297932
	215.488000	-0.296108	-0.297140
	215.594000	-0.296940	-0.298393
	215.700000	-0.298629	-0.299090
	215.804000	-0.297577	-0.298567
	215.908000	-0.299648	-0.300542
	216.014000	-0.296171	-0.296693
	216.124000	-0.298435	-0.299878
	216.231000	-0.298642	-0.299714
	216.337000	-0.297791	-0.299283
	216.443000	-0.298524	-0.298912
	216.553000	-0.298619	-0.299928
	216.661000	-0.298228	-0.299080
	216.767000	-0.295753	-0.297407
	216.873000	-0.298140	-0.298912
	216.978000	-0.295536	-0.296332
	217.083000	-0.296992	-0.297614
	217.188000	-0.298064	-0.299931
	217.294000	-0.298018	-0.299017
	217.400000	-0.303139	-0.304125
	217.508000	-0.307952	-0.308336
	217.617000	-0.304812	-0.306065
	217.722000	-0.310460	-0.310391
	217.829000	-0.301312	-0.303327
	217.934000	-0.299044	-0.299099
	218.044000	-0.296897	-0.297758
	218.149000	-0.296848	-0.298258
	218.253000	-0.297739	-0.298564
	218.359000	-0.297548	-0.298685
	218.470000	-0.297489	-0.298915
	218.576000	-0.297545	-0.298439
	218.681000	-0.296509	-0.297291
	218.787000	-0.298458	-0.298928
	218.892000	-0.297176	-0.298314
	218.996000	-0.297735	-0.298925
	219.100000	-0.297180	-0.298902
	219.207000	-0.296913	-0.297778
	219.316000	-0.295819	-0.296739
	219.423000	-0.295746	-0.296562
	219.530000	-0.295921	-0.297206
	219.634000	-0.295418	-0.295934
	219.743000	-0.298912	-0.299254
	219.852000	-0.296690	-0.298028
	219.956000	-0.298153	-0.299057
	220.063000	-0.297407	-0.297522
	220.168000	-0.297998	-0.297765
	220.272000	-0.297061	-0.297508
	220.377000	-0.297814	-0.298820
	220.481000	-0.296473	-0.296457
	220.587000	-0.296404	-0.297758
	220.692000	-0.296427	-0.297702
	220.795000	-0.298771	-0.298958
	220.904000	-0.297068	-0.298278
	221.015000	-0.294570	-0.295825
	221.123000	-0.298156	-0.298544
	221.231000	-0.296512	-0.298061
	221.338000	-0.297170	-0.298117
	221.448000	-0.297321	-0.299178
	221.552000	-0.298859	-0.299908
	221.660000	-0.299313	-0.300164
	221.767000	-0.296361	-0.298268
	221.871000	-0.298409	-0.298777
	221.977000	-0.298613	-0.299819
	222.081000	-0.297505	-0.297926
	222.187000	-0.296693	-0.298084
	222.297000	-0.296075	-0.297423
	222.405000	-0.298356	-0.299734
	222.509000	-0.295378	-0.296789
	222.618000	-0.299099	-0.300158
	222.725000	-0.297078	-0.297466
	222.828000	-0.299602	-0.299928
	222.935000	-0.303225	-0.303879
	223.041000	-0.296240	-0.297725
	223.146000	-0.297476	-0.297870
	223.251000	-0.297347	-0.298403
	223.355000	-0.297278	-0.298380
	223.462000	-0.298238	-0.298790
	223.566000	-0.296624	-0.298008
	223.676000	-0.294672	-0.296749
	223.781000	-0.295635	-0.296627
	223.886000	-0.296473	-0.298113
	223.995000	-0.297929	-0.297952
	224.100000	-0.296111	-0.297794
	224.206000	-0.295543	-0.296240
	224.313000	-0.295970	-0.297515
	224.420000	-0.298317	-0.299379
	224.526000	-0.296910	-0.297725
	224.631000	-0.298527	-0.299385
	224.734000	-0.298744	-0.299349
	224.840000	-0.297403	-0.297666
	224.945000	-0.298123	-0.298702
	225.051000	-0.298665	-0.299961
	225.159000	-0.294921	-0.296253
	225.265000	-0.296470	-0.297209
	225.370000	-0.296325	-0.297801
	225.474000	-0.294711	-0.296539
	225.578000	-0.297886	-0.298718
	225.685000	-0.298179	-0.298830
	225.788000	-0.297337	-0.298324
	225.893000	-0.296818	-0.298140
	225.997000	-0.296164	-0.297407
	226.102000	-0.294297	-0.295165
	226.210000	-0.295129	-0.297137
	226.316000	-0.296164	-0.296969
	226.421000	-0.296381	-0.297416
	226.526000	-0.296946	-0.297712
	226.630000	-0.297788	-0.298902
	226.737000	-0.297860	-0.299116
	226.847000	-0.297781	-0.299021
	226.953000	-0.296023	-0.297344
	227.057000	-0.297298	-0.298521
	227.161000	-0.296946	-0.297916
	227.266000	-0.298692	-0.299569
	227.371000	-0.297827	-0.299073
	227.480000	-0.297909	-0.298468
	227.587000	-0.304684	-0.305421
	227.691000	-0.298902	-0.300329
	227.795000	-0.297495	-0.298830
	227.900000	-0.299191	-0.300253
	228.003000	-0.300444	-0.301598
	228.109000	-0.297252	-0.298485
	228.213000	-0.297587	-0.298879
	228.319000	-0.297692	-0.298071
	228.424000	-0.294215	-0.296049
	228.528000	-0.296042	-0.297591
	228.631000	-0.296608	-0.296940
	228.734000	-0.296986	-0.298465
	228.841000	-0.298744	-0.299576
	228.945000	-0.295309	-0.297630
	229.051000	-0.297439	-0.298573
	229.155000	-0.297032	-0.298820
	229.266000	-0.296305	-0.296115
	229.372000	-0.296943	-0.298356
	229.479000	-0.296197	-0.297689
	229.586000	-0.296953	-0.297328
	229.689000	-0.296503	-0.297821
	229.799000	-0.297354	-0.298057
	229.905000	-0.297909	-0.298235
	230.009000	-0.297042	-0.297735
	230.113000	-0.303166	-0.304743
	230.219000	-0.296982	-0.298310
	230.325000	-0.296976	-0.297643
	230.434000	-0.294484	-0.296233
	230.544000	-0.296910	-0.298136
	230.652000	-0.297689	-0.298169
	230.757000	-0.297288	-0.298495
	230.861000	-0.297186	-0.298550
	230.965000	-0.295618	-0.296943
	231.070000	-0.294889	-0.295605
	231.175000	-0.298209	-0.298813
	231.279000	-0.295947	-0.297785
	231.387000	-0.295595	-0.297354
	231.494000	-0.295342	-0.296417
	231.599000	-0.295671	-0.296430
	231.708000	-0.295543	-0.296381
	231.817000	-0.296756	-0.298232
	231.921000	-0.295079	-0.296634
	232.025000	-0.297637	-0.298744
	232.129000	-0.296295	-0.297249
	232.233000	-0.297492	-0.298452
	232.337000	-0.297574	-0.299126
	232.447000	-0.296309	-0.297482
	232.554000	-0.296144	-0.296910
	232.661000	-0.297278	-0.297699
	232.765000	-0.295691	-0.296259
	232.868000	-0.295704	-0.297028
	232.972000	-0.295638	-0.296512
	233.078000	-0.296013	-0.296723
	233.184000	-0.298107	-0.298955
	233.293000	-0.296141	-0.297604
	233.400000	-0.296703	-0.297765
	233.505000	-0.296558	-0.298192
	233.610000	-0.298725	-0.299471
	233.718000	-0.296397	-0.297360
	233.824000	-0.295901	-0.297288
	233.930000	-0.296167	-0.296190
	234.033000	-0.296923	-0.298376
	234.139000	-0.297183	-0.298363
	234.249000	-0.298912	-0.299188
	234.354000	-0.296736	-0.298169
	234.462000	-0.295625	-0.296772
	234.565000	-0.298573	-0.298652
	234.670000	-0.296808	-0.297111
	234.780000	-0.299994	-0.301315
	234.889000	-0.296670	-0.298153
	234.994000	-0.297699	-0.298718
	235.101000	-0.295750	-0.296848
	235.208000	-0.295493	-0.297144
	235.312000	-0.297739	-0.298846
	235.418000	-0.296394	-0.296637
	235.527000	-0.296795	-0.298149
	235.635000	-0.297045	-0.298343
	235.739000	-0.295372	-0.296690
	235.846000	-0.296407	-0.297249
	235.953000	-0.297252	-0.298008
	236.057000	-0.296364	-0.296851
	236.162000	-0.298879	-0.300112
	236.266000	-0.297692	-0.298567
	236.370000	-0.294405	-0.295444
	236.476000	-0.296739	-0.298333
	236.586000	-0.294928	-0.295845
	236.690000	-0.297528	-0.297660
	236.795000	-0.296516	-0.297147
	236.902000	-0.298186	-0.300046
	237.011000	-0.297472	-0.299514
	237.117000	-0.295911	-0.297637
	237.222000	-0.297203	-0.297893
	237.327000	-0.298080	-0.299231
	237.431000	-0.295641	-0.296118
	237.538000	-0.294586	-0.295681
	237.641000	-0.297939	-0.298751
	237.746000	-0.296585	-0.297995
	237.852000	-0.296913	-0.297739
	237.957000	-0.295901	-0.297702
	238.062000	-0.295904	-0.298008
	238.167000	-0.295908	-0.296808
	238.274000	-0.297380	-0.298343
	238.380000	-0.294619	-0.295326
	238.483000	-0.296253	-0.297735
	238.591000	-0.296325	-0.296660
	238.695000	-0.296272	-0.297245
	238.799000	-0.295885	-0.296654
	238.904000	-0.298097	-0.298511
	239.014000	-0.297068	-0.298636
	239.124000	-0.299872	-0.299895
	239.233000	-0.306348	-0.307958
	239.336000	-0.296384	-0.297735
	239.444000	-0.297650	-0.298669
	239.549000	-0.295395	-0.296286
	239.655000	-0.298301	-0.298550
	239.759000	-0.301506	-0.301414
	239.863000	-0.296325	-0.297203
	239.968000	-0.296700	-0.298117
	240.073000	-0.295339	-0.296900
	240.179000	-0.296700	-0.297410
	240.283000	-0.299257	-0.299984
	240.388000	-0.297725	-0.299040
	240.492000	-0.295602	-0.295806
	240.596000	-0.295510	-0.296966
	240.699000	-0.294961	-0.295615
	240.803000	-0.296029	-0.296621
	240.907000	-0.298278	-0.299612
	241.011000	-0.295878	-0.297627
	241.116000	-0.299080	-0.299379
	241.224000	-0.297236	-0.298179
	241.328000	-0.298485	-0.299290
	241.433000	-0.296627	-0.297660
	241.540000	-0.297410	-0.297972
	241.646000	-0.296013	-0.297216
	241.751000	-0.295963	-0.297173
	241.859000	-0.298169	-0.299178
	241.966000	-0.298136	-0.299277
	242.070000	-0.296256	-0.297324
	242.177000	-0.295733	-0.296493
	242.281000	-0.295451	-0.296223
	242.385000	-0.296897	-0.297860
	242.489000	-0.298866	-0.300201
	242.595000	-0.295737	-0.297111
	242.702000	-0.295908	-0.297706
	242.806000	-0.295602	-0.297416
	242.911000	-0.295227	-0.296088
	243.017000	-0.295963	-0.296381
	243.124000	-0.296253	-0.297518
	243.233000	-0.296486	-0.297594
	243.342000	-0.297301	-0.298205
	243.447000	-0.296733	-0.297781
	243.554000	-0.296335	-0.296864
	243.660000	-0.296999	-0.298123
	243.765000	-0.297324	-0.298695
	243.870000	-0.294866	-0.296420
	243.976000	-0.295618	-0.296410
	244.081000	-0.296102	-0.296476
	244.187000	-0.297413	-0.298646
	244.293000	-0.295306	-0.296844
	244.397000	-0.296397	-0.297232
	244.503000	-0.301538	-0.302975
	244.611000	-0.300986	-0.302252
	244.721000	-0.294474	-0.295960
	244.825000	-0.296835	-0.297640
	244.930000	-0.295428	-0.296519
	245.038000	-0.297160	-0.299129
	245.143000	-0.297420	-0.298031
	245.247000	-0.297623	-0.299007
	245.352000	-0.295908	-0.296953
	245.458000	-0.296075	-0.297400
	245.563000	-0.296861	-0.297863
	245.668000	-0.296723	-0.297870
	245.772000	-0.296627	-0.297577
	245.878000	-0.295714	-0.296289
	245.982000	-0.297932	-0.299122
	246.087000	-0.297377	-0.298416
	246.192000	-0.297489	-0.298521
	246.296000	-0.296963	-0.297896
	246.400000	-0.297785	-0.298324
	246.506000	-0.295901	-0.296641
	246.610000	-0.296650	-0.297055
	246.718000	-0.298212	-0.298610
	246.826000	-0.296052	-0.297383
	246.930000	-0.296128	-0.297048
	247.035000	-0.297459	-0.298590
	247.141000	-0.296568	-0.298074
	247.246000	-0.296269	-0.297709
	247.349000	-0.296269	-0.297857
	247.453000	-0.296904	-0.297712
	247.561000	-0.298458	-0.299372
	247.666000	-0.298261	-0.298902
	247.771000	-0.295326	-0.297226
	247.875000	-0.296194	-0.296677
	247.979000	-0.295894	-0.297213
	248.083000	-0.297699	-0.298241
	248.188000	-0.296585	-0.297213
	248.293000	-0.296440	-0.297499
	248.400000	-0.295740	-0.296062
	248.507000	-0.297877	-0.299392
	248.611000	-0.296614	-0.298120
	248.716000	-0.296637	-0.297962
	248.820000	-0.296785	-0.298291
	248.924000	-0.297913	-0.298287
	249.030000	-0.297932	-0.299024
	249.133000	-0.297370	-0.298439
	249.237000	-0.295973	-0.297278
	249.345000	-0.296897	-0.297650
	249.448000	-0.296562	-0.297883
	249.553000	-0.297637	-0.299201
	249.657000	-0.296315	-0.296795
	249.763000	-0.296148	-0.296299
	249.868000	-0.296795	-0.297798
	249.972000	-0.295589	-0.296900
	250.080000	-0.297827	-0.298330
	250.186000	-0.297094	-0.298403
	250.291000	-0.297600	-0.298902
	250.395000	-0.297502	-0.297863
	250.499000	-0.297337	-0.298107
	250.602000	-0.295194	-0.295487
	250.706000	-0.296470	-0.296930
	250.811000	-0.296397	-0.298133
	250.917000	-0.295457	-0.295914
	251.021000	-0.295924	-0.296835
	251.125000	-0.294251	-0.295395
	251.230000	-0.295487	-0.297058
	251.334000	-0.295681	-0.296982
	251.439000	-0.294931	-0.295625
	251.545000	-0.298902	-0.299119
	251.656000	-0.297978	-0.298758
	251.763000	-0.294908	-0.295040
	251.868000	-0.295776	-0.297180
	251.973000	-0.296266	-0.296736
	252.079000	-0.297755	-0.299474
	252.182000	-0.295411	-0.296006
	252.287000	-0.295769	-0.296496
	252.390000	-0.296013	-0.296381
	252.497000	-0.296466	-0.297742
	252.602000	-0.297130	-0.298541
	252.707000	-0.296378	-0.296936
	252.811000	-0.295740	-0.296775
	252.917000	-0.295842	-0.296532
	253.021000	-0.298619	-0.299208
	253.127000	-0.297009	-0.298304
	253.231000	-0.297318	-0.298350
	253.335000	-0.295760	-0.297285
	253.439000	-0.297193	-0.297627
	253.544000	-0.296604	-0.297896
	253.650000	-0.294737	-0.295296
	253.754000	-0.295737	-0.296253
	253.861000	-0.295405	-0.296986
	253.965000	-0.296026	-0.295911
	254.073000	-0.296650	-0.297387
	254.178000	-0.296568	-0.297788
	254.286000	-0.297094	-0.298212
	254.390000	-0.296733	-0.297617
	254.495000	-0.297831	-0.298136
	254.601000	-0.295802	-0.296851
	254.706000	-0.297541	-0.298205
	254.811000	-0.297364	-0.298271
	254.916000	-0.295247	-0.296437
	255.023000	-0.296207	-0.296821
	255.127000	-0.298333	-0.299063
	255.232000	-0.296368	-0.297748
	255.340000	-0.296361	-0.297656
	255.444000	-0.297591	-0.298997
	255.550000	-0.295250	-0.296913
	255.659000	-0.296259	-0.297548
	255.763000	-0.302413	-0.302390
	255.869000	-0.308783	-0.309457
	255.973000	-0.307771	-0.309839
	256.078000	-0.299402	-0.301535
	256.182000	-0.297400	-0.298557
	256.288000	-0.299957	-0.300375
	256.394000	-0.302347	-0.302541
	256.499000	-0.301591	-0.304132
	256.604000	-0.296108	-0.297232
	256.710000	-0.298797	-0.299392
	256.815000	-0.296713	-0.298426
	256.919000	-0.296838	-0.297400
	257.029000	-0.299800	-0.300339
	257.134000	-0.300769	-0.301746
	257.242000	-0.305697	-0.308297
	257.347000	-0.296953	-0.297170
	257.454000	-0.298130	-0.300309
	257.561000	-0.299326	-0.299277
	257.667000	-0.302268	-0.303846
	257.774000	-0.295352	-0.295562
	257.877000	-0.296759	-0.298241
	257.983000	-0.295789	-0.297794
	258.088000	-0.296322	-0.296526
	258.196000	-0.297413	-0.299185
	258.300000	-0.296693	-0.297301
	258.406000	-0.301430	-0.302153
	258.517000	-0.296601	-0.297255
	258.622000	-0.294461	-0.295993
	258.727000	-0.298554	-0.299987
	258.833000	-0.297045	-0.297840
	258.938000	-0.296420	-0.297716
	259.041000	-0.296302	-0.297167
	259.147000	-0.296072	-0.297334
	259.254000	-0.295368	-0.296052
	259.360000	-0.296884	-0.297755
	259.465000	-0.295119	-0.297104
	259.572000	-0.294859	-0.295694
	259.677000	-0.295375	-0.296266
	259.780000	-0.295875	-0.297127
