	2.330000	-0.290306	-0.294280
	2.439000	-0.298866	-0.299385
	2.545000	-0.289238	-0.291108
	2.648000	-0.278423	-0.280803
	2.757000	-0.280497	-0.278818
	2.866000	-0.303120	-0.302298
	2.975000	-0.318928	-0.319674
	3.085000	-0.293939	-0.297222
	3.192000	-0.293025	-0.293442
	3.302000	-0.293271	-0.293738
	3.413000	-0.290711	-0.291460
	3.525000	-0.287499	-0.290201
	3.636000	-0.291108	-0.290895
	3.746000	-0.286657	-0.287427
	3.852000	-0.291207	-0.291664
	3.962000	-0.293110	-0.293541
	4.073000	-0.302860	-0.304198
	4.184000	-0.295888	-0.296950
	4.291000	-0.295651	-0.296973
	4.402000	-0.293784	-0.295059
	4.512000	-0.293380	-0.294468
	4.618000	-0.293810	-0.294077
	4.729000	-0.291391	-0.293646
	4.839000	-0.289626	-0.289701
	4.950000	-0.295674	-0.297209
	5.061000	-0.297370	-0.298071
	5.172000	-0.291608	-0.292857
	5.275000	-0.294366	-0.295447
	5.382000	-0.294267	-0.294340
	5.488000	-0.293830	-0.296016
	5.597000	-0.290717	-0.291029
	5.705000	-0.292818	-0.293909
	5.814000	-0.294790	-0.295280
	5.926000	-0.290017	-0.292502
	6.038000	-0.299057	-0.299382
	6.146000	-0.305509	-0.306200
	6.256000	-0.293143	-0.295030
	6.365000	-0.294534	-0.294024
	6.472000	-0.297827	-0.298672
	6.582000	-0.293350	-0.294379
	6.688000	-0.291348	-0.294238
	6.799000	-0.292269	-0.291979
	6.909000	-0.297065	-0.298393
	7.017000	-0.299109	-0.299540
	7.126000	-0.290191	-0.292400
	7.235000	-0.293873	-0.295398
	7.342000	-0.294372	-0.294869
	7.447000	-0.294520	-0.296203
	7.558000	-0.295319	-0.295681
	7.669000	-0.296499	-0.298692
	7.778000	-0.293978	-0.294402
	7.890000	-0.294800	-0.296713
	8.001000	-0.296611	-0.296312
	8.111000	-0.294188	-0.295954
	8.222000	-0.295783	-0.295339
	8.329000	-0.296131	-0.297587
	8.440000	-0.294274	-0.294146
	8.551000	-0.292246	-0.294392
	8.661000	-0.295299	-0.295332
	8.765000	-0.296693	-0.297584
	8.874000	-0.292837	-0.294070
	8.983000	-0.295917	-0.295572
	9.094000	-0.295470	-0.297295
	9.203000	-0.292226	-0.292173
	9.313000	-0.294241	-0.297147
	9.418000	-0.288922	-0.287499
	9.529000	-0.290645	-0.292640
	9.639000	-0.296220	-0.294958
	9.750000	-0.296966	-0.298600
	9.860000	-0.292897	-0.293324
	9.971000	-0.294228	-0.295858
	10.082000	-0.296230	-0.295668
	10.193000	-0.294527	-0.297318
	10.303000	-0.291529	-0.291907
	10.413000	-0.292091	-0.293393
	10.515000	-0.295290	-0.296489
	10.620000	-0.294494	-0.294649
	10.730000	-0.291190	-0.292430
	10.835000	-0.295280	-0.296059
	10.944000	-0.294833	-0.295526
	11.051000	-0.294688	-0.297068
	11.159000	-0.292387	-0.293715
	11.263000	-0.293015	-0.292535
	11.370000	-0.294057	-0.296483
	11.480000	-0.294668	-0.294741
	11.588000	-0.295244	-0.298011
	11.695000	-0.295700	-0.296982
	11.802000	-0.291276	-0.291020
	11.911000	-0.292466	-0.294678
	12.023000	-0.292673	-0.291848
	12.135000	-0.294984	-0.297173
	12.242000	-0.294527	-0.294823
	12.348000	-0.293962	-0.294757
	12.459000	-0.294777	-0.295730
	12.570000	-0.291046	-0.293344
	12.682000	-0.294856	-0.294471
	12.792000	-0.290490	-0.291148
	12.897000	-0.298268	-0.298534
	13.009000	-0.294852	-0.295871
	13.120000	-0.294169	-0.294921
	13.231000	-0.293557	-0.295332
	13.338000	-0.294412	-0.295559
	13.442000	-0.295030	-0.295530
	13.548000	-0.293840	-0.295464
	13.657000	-0.293685	-0.295283
	13.762000	-0.291904	-0.292127
	13.871000	-0.293232	-0.294652
	13.979000	-0.293791	-0.294566
	14.089000	-0.293281	-0.294113
	14.196000	-0.295188	-0.297653
	14.306000	-0.294290	-0.294146
	14.416000	-0.295352	-0.297045
	14.521000	-0.293794	-0.294668
	14.626000	-0.295908	-0.296759
	14.731000	-0.295027	-0.297035
	14.842000	-0.293206	-0.293731
	14.947000	-0.294159	-0.294438
	15.057000	-0.293238	-0.294944
	15.165000	-0.290609	-0.290586
	15.274000	-0.295214	-0.297028
	15.386000	-0.291970	-0.291799
	15.497000	-0.289708	-0.290812
	15.607000	-0.291049	-0.291480
	15.718000	-0.294116	-0.294649
	15.829000	-0.293531	-0.295398
	15.941000	-0.296673	-0.297147
	16.050000	-0.297196	-0.298689
	16.161000	-0.292611	-0.292952
	16.272000	-0.295513	-0.297075
	16.383000	-0.294481	-0.294418
	16.494000	-0.292374	-0.294573
	16.600000	-0.292841	-0.294185
	16.709000	-0.293238	-0.294504
	16.821000	-0.293557	-0.294126
	16.931000	-0.295605	-0.296460
	17.037000	-0.291887	-0.293498
	17.146000	-0.292446	-0.293166
	17.258000	-0.292775	-0.293840
	17.369000	-0.293413	-0.292933
	17.476000	-0.294573	-0.296236
	17.587000	-0.289445	-0.289646
	17.699000	-0.293238	-0.294984
	17.809000	-0.293676	-0.294399
	17.920000	-0.291920	-0.293988
	18.029000	-0.294944	-0.295802
	18.139000	-0.294967	-0.296036
	18.244000	-0.291260	-0.291864
	18.355000	-0.291641	-0.293672
	18.465000	-0.288784	-0.288981
	18.575000	-0.291996	-0.294188
	18.686000	-0.294182	-0.293830
	18.798000	-0.292032	-0.293718
	18.908000	-0.293649	-0.293886
	19.018000	-0.294152	-0.295622
	19.125000	-0.291601	-0.292499
	19.235000	-0.291158	-0.293189
	19.343000	-0.295993	-0.296466
	19.454000	-0.293909	-0.295957
	19.566000	-0.295115	-0.294369
	19.677000	-0.292318	-0.293994
	19.784000	-0.292594	-0.293528
	19.895000	-0.293557	-0.294866
	20.001000	-0.296887	-0.298498
	20.111000	-0.296818	-0.296756
	20.219000	-0.292108	-0.294093
	20.329000	-0.294300	-0.295013
	20.440000	-0.294274	-0.295145
	20.552000	-0.295576	-0.296256
	20.662000	-0.292943	-0.294948
	20.773000	-0.294866	-0.296272
	20.884000	-0.292910	-0.293958
	20.993000	-0.290720	-0.291575
	21.098000	-0.294612	-0.296161
	21.209000	-0.293025	-0.294251
	21.320000	-0.294622	-0.296710
	21.431000	-0.293291	-0.294504
	21.542000	-0.292436	-0.293275
	21.653000	-0.296263	-0.296999
	21.765000	-0.295181	-0.295556
	21.875000	-0.291371	-0.293708
	21.984000	-0.293123	-0.294215
	22.093000	-0.295316	-0.296420
	22.205000	-0.294550	-0.295004
	22.311000	-0.294152	-0.294790
	22.421000	-0.295010	-0.295756
	22.534000	-0.294326	-0.294701
	22.644000	-0.292982	-0.293998
	22.752000	-0.289465	-0.290237
	22.862000	-0.293054	-0.294635
	22.972000	-0.294826	-0.295622
	23.082000	-0.293229	-0.294918
	23.186000	-0.291910	-0.291598
	23.296000	-0.293705	-0.294629
	23.405000	-0.293574	-0.293958
	23.517000	-0.293242	-0.295474
	23.628000	-0.294701	-0.295503
	23.734000	-0.292614	-0.293353
	23.840000	-0.293735	-0.295862
	23.949000	-0.294714	-0.294731
	24.060000	-0.296693	-0.298386
	24.173000	-0.291384	-0.292403
	24.284000	-0.293475	-0.293823
	24.394000	-0.293028	-0.294057
	24.504000	-0.294925	-0.295526
	24.615000	-0.293830	-0.294438
	24.725000	-0.293324	-0.293544
	24.833000	-0.293916	-0.293962
	24.938000	-0.294077	-0.296026
	25.050000	-0.292581	-0.292528
	25.160000	-0.292989	-0.294057
	25.266000	-0.294372	-0.295138
	25.377000	-0.292795	-0.294333
	25.486000	-0.293925	-0.294856
	25.598000	-0.294109	-0.296309
	25.709000	-0.291072	-0.291499
	25.820000	-0.290707	-0.292952
	25.927000	-0.293662	-0.294182
	26.039000	-0.291555	-0.293623
	26.149000	-0.293521	-0.293820
	26.256000	-0.293386	-0.295217
	26.366000	-0.293426	-0.294294
	26.471000	-0.296982	-0.296696
	26.581000	-0.294336	-0.296003
	26.692000	-0.295112	-0.294948
	26.803000	-0.295050	-0.296729
	26.914000	-0.294031	-0.293810
	27.023000	-0.292985	-0.294829
	27.134000	-0.291236	-0.292387
	27.245000	-0.291592	-0.293209
	27.350000	-0.293909	-0.294225
	27.460000	-0.293002	-0.294418
	27.569000	-0.292062	-0.292998
	27.678000	-0.295493	-0.297012
	27.787000	-0.290543	-0.292012
	27.897000	-0.291973	-0.293436
	28.008000	-0.290194	-0.290224
	28.118000	-0.294632	-0.295612
	28.224000	-0.292864	-0.294573
	28.334000	-0.294264	-0.294560
	28.445000	-0.290356	-0.293169
	28.553000	-0.291256	-0.292065
	28.664000	-0.291572	-0.293945
	28.773000	-0.294063	-0.293482
	28.887000	-0.293925	-0.295612
	28.997000	-0.292772	-0.292985
	29.107000	-0.295342	-0.296723
	29.219000	-0.294580	-0.295901
	29.329000	-0.297354	-0.298698
	29.434000	-0.294714	-0.295816
	29.543000	-0.291437	-0.294820
	29.654000	-0.295152	-0.294586
	29.765000	-0.292265	-0.293426
	29.877000	-0.291641	-0.292436
	29.986000	-0.291743	-0.292831
	30.097000	-0.293090	-0.293265
	30.208000	-0.291486	-0.294169
	30.316000	-0.293965	-0.294205
	30.421000	-0.294635	-0.295957
	30.531000	-0.294215	-0.294727
	30.642000	-0.292219	-0.294967
	30.754000	-0.291555	-0.291897
	30.863000	-0.292693	-0.294382
	30.973000	-0.293278	-0.293672
	31.083000	-0.295056	-0.296729
	31.194000	-0.294484	-0.294727
	31.304000	-0.291720	-0.294622
	31.414000	-0.295342	-0.294307
	31.524000	-0.291020	-0.293061
	31.631000	-0.293538	-0.294027
	31.737000	-0.294182	-0.294264
	31.845000	-0.294241	-0.295917
	31.957000	-0.293738	-0.294119
	32.068000	-0.292134	-0.294307
	32.176000	-0.294425	-0.294902
	32.286000	-0.292489	-0.294619
	32.391000	-0.291171	-0.292992
	32.501000	-0.290924	-0.291762
	32.608000	-0.293094	-0.294737
	32.719000	-0.290398	-0.291684
	32.830000	-0.294287	-0.295631
	32.939000	-0.294188	-0.295138
	33.050000	-0.290257	-0.290921
	33.157000	-0.293380	-0.294004
	33.267000	-0.292357	-0.293889
	33.376000	-0.291049	-0.291795
	33.481000	-0.291989	-0.292795
	33.587000	-0.291651	-0.292883
	33.696000	-0.292900	-0.292801
	33.805000	-0.292364	-0.293998
	33.917000	-0.293939	-0.294488
	34.027000	-0.291966	-0.293777
	34.136000	-0.291999	-0.292732
	34.246000	-0.292785	-0.294580
	34.353000	-0.293268	-0.294047
	34.462000	-0.293952	-0.294760
	34.572000	-0.291904	-0.292850
	34.684000	-0.295516	-0.297334
	34.795000	-0.291253	-0.291808
	34.905000	-0.293321	-0.293847
	35.015000	-0.294040	-0.294885
	35.127000	-0.293902	-0.296138
	35.237000	-0.289692	-0.289862
	35.347000	-0.295326	-0.297104
	35.458000	-0.292239	-0.291322
	35.566000	-0.292663	-0.294123
	35.676000	-0.292561	-0.293350
	35.786000	-0.294376	-0.296246
	35.894000	-0.292584	-0.293814
	36.003000	-0.295096	-0.295730
	36.114000	-0.293738	-0.294760
	36.226000	-0.292167	-0.294323
	36.334000	-0.291664	-0.292440
	36.443000	-0.292952	-0.293607
	36.554000	-0.295142	-0.295562
	36.665000	-0.292361	-0.293380
	36.775000	-0.289422	-0.290829
	36.886000	-0.293570	-0.294501
	36.998000	-0.291723	-0.292075
	37.107000	-0.295349	-0.297275
	37.218000	-0.293630	-0.293794
	37.326000	-0.290510	-0.292259
	37.436000	-0.289830	-0.291181
	37.544000	-0.291884	-0.292039
	37.649000	-0.290010	-0.292068
	37.759000	-0.292906	-0.292650
	37.869000	-0.293321	-0.295852
	37.979000	-0.292436	-0.292279
	38.090000	-0.293120	-0.294977
	38.201000	-0.294366	-0.294418
	38.305000	-0.289314	-0.289609
	38.416000	-0.292009	-0.294063
	38.527000	-0.292288	-0.292762
	38.634000	-0.291269	-0.293445
	38.742000	-0.291253	-0.291181
	38.852000	-0.289399	-0.291450
	38.962000	-0.290730	-0.290083
	39.073000	-0.293206	-0.294685
	39.184000	-0.294106	-0.294760
	39.294000	-0.293925	-0.295454
	39.407000	-0.292821	-0.294458
	39.518000	-0.290812	-0.292657
	39.623000	-0.290017	-0.290770
	39.728000	-0.292847	-0.294622
	39.840000	-0.294938	-0.296766
	39.950000	-0.292989	-0.294543
	40.059000	-0.293909	-0.294645
	40.164000	-0.294313	-0.294780
	40.273000	-0.292308	-0.294267
	40.381000	-0.288482	-0.289300
	40.491000	-0.293738	-0.294852
	40.602000	-0.292150	-0.291822
	40.712000	-0.296023	-0.297413
	40.824000	-0.294543	-0.294343
	40.929000	-0.292647	-0.293120
	41.037000	-0.291716	-0.293547
	41.147000	-0.293330	-0.293929
	41.259000	-0.291996	-0.292367
	41.370000	-0.290024	-0.291246
	41.481000	-0.292791	-0.292850
	41.590000	-0.294987	-0.296289
	41.695000	-0.294619	-0.296036
	41.800000	-0.290027	-0.291815
	41.905000	-0.292893	-0.292811
	42.015000	-0.290993	-0.291697
	42.122000	-0.292969	-0.293357
	42.232000	-0.294803	-0.297344
	42.344000	-0.291098	-0.291516
	42.454000	-0.293386	-0.295033
	42.566000	-0.292989	-0.293225
	42.677000	-0.293495	-0.295809
	42.787000	-0.293021	-0.294027
	42.899000	-0.294251	-0.295260
	43.008000	-0.292384	-0.292811
	43.118000	-0.293107	-0.293817
	43.228000	-0.292321	-0.292377
	43.333000	-0.291302	-0.293275
	43.440000	-0.294142	-0.295013
	43.549000	-0.291716	-0.291766
	43.659000	-0.295885	-0.297630
	43.767000	-0.294215	-0.294550
	43.871000	-0.291463	-0.292883
	43.981000	-0.289580	-0.290520
	44.091000	-0.291845	-0.292380
	44.203000	-0.293044	-0.293975
	44.313000	-0.294405	-0.295441
	44.422000	-0.295411	-0.295592
	44.533000	-0.293656	-0.296387
	44.646000	-0.294550	-0.294402
	44.754000	-0.293840	-0.295556
	44.865000	-0.292173	-0.293067
	44.975000	-0.294757	-0.296516
	45.086000	-0.292062	-0.292601
	45.191000	-0.295546	-0.296108
	45.300000	-0.291588	-0.294037
	45.411000	-0.290510	-0.290625
	45.520000	-0.291013	-0.292574
	45.631000	-0.293893	-0.293380
	45.742000	-0.290392	-0.291361
	45.851000	-0.294077	-0.294688
	45.957000	-0.291480	-0.293728
	46.067000	-0.289172	-0.289452
	46.178000	-0.292449	-0.295023
	46.288000	-0.292607	-0.292939
	46.394000	-0.293712	-0.294248
	46.503000	-0.294921	-0.295556
	46.613000	-0.293143	-0.294681
	46.724000	-0.291831	-0.292874
	46.833000	-0.293738	-0.293945
	46.939000	-0.291831	-0.294257
	47.045000	-0.292979	-0.293751
	47.156000	-0.289307	-0.291493
	47.263000	-0.293883	-0.294606
	47.374000	-0.293781	-0.294685
	47.485000	-0.292936	-0.294257
	47.597000	-0.292275	-0.294083
	47.709000	-0.291260	-0.291503
	47.819000	-0.292541	-0.292676
	47.925000	-0.294129	-0.295135
	48.030000	-0.291430	-0.292042
	48.140000	-0.293021	-0.295674
	48.250000	-0.292071	-0.293133
	48.354000	-0.291838	-0.293048
	48.465000	-0.291052	-0.292847
	48.575000	-0.291480	-0.292121
	48.683000	-0.289770	-0.291608
	48.793000	-0.291171	-0.291848
	48.899000	-0.291161	-0.292446
	49.009000	-0.288935	-0.289494
	49.119000	-0.294382	-0.295493
	49.225000	-0.291746	-0.292966
	49.331000	-0.290214	-0.290720
	49.439000	-0.289356	-0.290645
	49.548000	-0.288528	-0.288807
	49.659000	-0.293242	-0.295027
	49.769000	-0.290809	-0.291427
	49.878000	-0.291378	-0.292538
	49.983000	-0.291043	-0.293275
	50.089000	-0.291352	-0.292039
	50.199000	-0.290198	-0.291920
	50.309000	-0.293754	-0.294182
	50.420000	-0.292897	-0.293278
	50.523000	-0.290553	-0.291910
	50.629000	-0.293564	-0.293570
	50.739000	-0.292821	-0.294333
	50.846000	-0.293761	-0.294047
	50.958000	-0.292397	-0.293298
	51.070000	-0.292956	-0.293146
	51.181000	-0.292837	-0.295092
	51.292000	-0.289290	-0.290609
	51.404000	-0.293291	-0.294468
	51.515000	-0.293182	-0.292768
	51.626000	-0.292903	-0.294349
	51.735000	-0.295010	-0.295602
	51.846000	-0.293607	-0.294695
	51.956000	-0.290369	-0.290931
	52.061000	-0.291207	-0.292213
	52.165000	-0.290145	-0.292588
	52.277000	-0.288525	-0.288886
	52.388000	-0.292785	-0.293975
	52.495000	-0.291309	-0.291217
	52.604000	-0.292617	-0.294448
	52.710000	-0.292341	-0.293567
	52.821000	-0.292581	-0.293104
	52.927000	-0.287956	-0.290763
	53.034000	-0.289859	-0.290579
	53.141000	-0.288840	-0.289205
	53.246000	-0.288771	-0.291348
	53.352000	-0.292035	-0.291950
	53.464000	-0.291240	-0.293110
	53.575000	-0.290563	-0.290398
	53.683000	-0.291460	-0.293209
	53.794000	-0.287729	-0.288607
	53.899000	-0.290839	-0.291529
	54.009000	-0.289797	-0.292272
	54.119000	-0.289922	-0.290858
	54.223000	-0.289452	-0.291092
	54.333000	-0.292522	-0.293725
	54.442000	-0.292709	-0.294024
	54.551000	-0.290559	-0.291434
	54.659000	-0.293515	-0.293873
	54.766000	-0.291687	-0.294238
	54.876000	-0.291151	-0.291621
	54.982000	-0.292331	-0.294652
	55.096000	-0.290668	-0.291421
	55.206000	-0.291782	-0.293728
	55.316000	-0.292995	-0.293123
	55.424000	-0.293584	-0.294580
	55.533000	-0.294451	-0.293935
	55.643000	-0.288574	-0.291269
	55.754000	-0.291667	-0.292913
	55.861000	-0.291822	-0.292403
	55.973000	-0.293324	-0.294405
	56.084000	-0.292824	-0.294511
	56.190000	-0.292371	-0.294675
	56.295000	-0.290030	-0.290503
	56.406000	-0.293731	-0.294964
	56.513000	-0.289629	-0.290793
	56.623000	-0.292117	-0.292601
	56.734000	-0.290701	-0.292318
	56.839000	-0.295681	-0.296072
	56.949000	-0.291973	-0.293656
	57.054000	-0.291519	-0.292522
	57.165000	-0.292071	-0.293166
	57.276000	-0.293616	-0.293685
	57.385000	-0.291144	-0.292722
	57.496000	-0.293981	-0.294395
	57.604000	-0.292311	-0.293702
	57.713000	-0.291016	-0.292864
	57.820000	-0.291858	-0.292035
	57.926000	-0.293380	-0.295602
	58.035000	-0.292055	-0.293488
	58.142000	-0.292890	-0.293196
	58.251000	-0.293314	-0.294866
	58.357000	-0.292117	-0.292321
	58.467000	-0.293459	-0.295135
	58.577000	-0.293906	-0.295244
	58.686000	-0.295737	-0.297268
	58.793000	-0.293307	-0.294698
	58.901000	-0.293738	-0.293143
	59.011000	-0.293712	-0.295645
	59.121000	-0.293925	-0.293445
	59.231000	-0.295760	-0.297906
	59.341000	-0.295973	-0.295628
	59.452000	-0.294034	-0.296266
	59.563000	-0.291174	-0.291046
	59.671000	-0.291260	-0.293712
	59.781000	-0.288584	-0.289688
	59.890000	-0.295592	-0.296470
	59.996000	-0.296069	-0.296982
	60.103000	-0.294977	-0.295628
	60.213000	-0.290954	-0.293143
	60.323000	-0.292916	-0.292617
	60.429000	-0.294057	-0.295030
	60.540000	-0.295296	-0.295132
	60.652000	-0.295043	-0.296404
	60.763000	-0.293347	-0.292663
	60.869000	-0.290924	-0.291943
	60.977000	-0.293659	-0.294534
	61.084000	-0.293468	-0.293962
	61.194000	-0.291263	-0.292091
	61.305000	-0.292226	-0.292936
	61.416000	-0.293350	-0.294655
	61.527000	-0.293866	-0.294954
	61.639000	-0.294310	-0.294869
	61.749000	-0.292827	-0.294507
	61.859000	-0.292604	-0.293735
	61.965000	-0.291887	-0.292624
	62.075000	-0.294629	-0.295697
	62.187000	-0.295411	-0.295986
	62.293000	-0.295710	-0.297252
	62.397000	-0.290471	-0.291697
	62.501000	-0.290895	-0.292091
	62.612000	-0.294116	-0.295832
	62.722000	-0.293130	-0.292956
	62.834000	-0.294307	-0.296226
	62.945000	-0.292614	-0.292302
	63.053000	-0.295622	-0.297416
	63.166000	-0.293278	-0.293495
	63.272000	-0.290763	-0.292565
	63.381000	-0.290602	-0.290457
	63.493000	-0.290983	-0.294254
	63.603000	-0.293182	-0.293209
	63.712000	-0.294067	-0.295592
	63.818000	-0.293659	-0.294626
	63.927000	-0.292387	-0.292992
	64.033000	-0.295819	-0.296881
	64.140000	-0.293485	-0.295809
	64.248000	-0.292486	-0.292775
	64.360000	-0.291785	-0.292657
	64.469000	-0.292670	-0.293357
	64.573000	-0.291927	-0.293600
	64.686000	-0.295684	-0.295950
	64.794000	-0.297042	-0.298988
	64.904000	-0.290037	-0.290346
	65.014000	-0.290549	-0.292065
	65.124000	-0.292045	-0.292680
	65.234000	-0.294655	-0.296338
	65.341000	-0.293626	-0.294073
	65.450000	-0.292676	-0.293708
	65.561000	-0.293866	-0.295059
	65.667000	-0.292946	-0.293538
	65.771000	-0.294264	-0.296009
	65.877000	-0.293347	-0.295194
	65.986000	-0.294369	-0.294415
	66.096000	-0.290471	-0.291891
	66.202000	-0.293327	-0.294409
	66.311000	-0.294974	-0.295161
	66.423000	-0.293879	-0.294570
	66.529000	-0.294248	-0.294501
	66.633000	-0.294524	-0.296220
	66.743000	-0.292989	-0.293748
	66.854000	-0.291588	-0.293774
	66.962000	-0.292265	-0.293110
	67.073000	-0.291730	-0.293133
	67.183000	-0.291996	-0.292722
	67.289000	-0.293002	-0.293074
	67.398000	-0.295368	-0.297048
	67.505000	-0.293797	-0.294136
	67.616000	-0.292594	-0.294353
	67.722000	-0.294964	-0.296042
	67.833000	-0.292177	-0.292706
	67.945000	-0.290375	-0.291486
	68.056000	-0.294898	-0.296627
	68.168000	-0.291453	-0.292039
	68.280000	-0.294185	-0.295437
	68.390000	-0.300851	-0.301305
	68.496000	-0.295520	-0.296936
	68.600000	-0.292515	-0.294734
	68.704000	-0.297252	-0.297775
	68.815000	-0.293031	-0.293547
	68.924000	-0.294603	-0.295714
	69.035000	-0.294300	-0.295599
	69.142000	-0.295349	-0.296657
	69.251000	-0.294356	-0.294392
	69.363000	-0.297627	-0.298248
	69.474000	-0.292962	-0.294488
	69.586000	-0.294261	-0.293886
	69.695000	-0.293870	-0.294603
	69.804000	-0.291509	-0.293679
	69.912000	-0.296299	-0.296930
	70.022000	-0.296322	-0.297992
	70.131000	-0.295000	-0.295073
	70.241000	-0.293741	-0.296673
	70.352000	-0.296733	-0.296943
	70.463000	-0.291983	-0.293682
	70.573000	-0.295414	-0.295263
	70.681000	-0.294655	-0.296785
	70.785000	-0.295477	-0.295947
	70.896000	-0.295651	-0.296867
	71.007000	-0.296203	-0.296437
	71.119000	-0.295303	-0.296578
	71.226000	-0.294100	-0.294428
	71.335000	-0.295207	-0.295773
	71.442000	-0.292647	-0.294606
	71.551000	-0.295783	-0.295931
	71.662000	-0.296881	-0.297739
	71.767000	-0.298702	-0.299921
	71.875000	-0.297712	-0.298662
	71.984000	-0.296217	-0.297863
	72.093000	-0.297206	-0.298491
	72.197000	-0.297748	-0.298189
	72.302000	-0.299685	-0.301239
	72.413000	-0.297344	-0.297834
	72.521000	-0.299632	-0.301315
	72.627000	-0.298100	-0.299198
	72.737000	-0.301542	-0.301486
	72.843000	-0.298915	-0.301308
	72.953000	-0.302771	-0.302012
	73.064000	-0.300102	-0.302423
	73.172000	-0.301631	-0.302015
	73.284000	-0.299954	-0.301703
	73.394000	-0.298978	-0.298784
	73.498000	-0.302502	-0.303550
	73.604000	-0.299481	-0.301976
	73.714000	-0.302791	-0.302843
	73.825000	-0.300178	-0.301680
	73.929000	-0.306012	-0.306252
	74.034000	-0.301654	-0.302364
	74.140000	-0.304132	-0.305611
	74.246000	-0.304619	-0.306042
	74.357000	-0.307238	-0.307442
	74.469000	-0.304109	-0.305230
	74.579000	-0.304648	-0.306256
	74.686000	-0.306042	-0.307695
	74.797000	-0.306558	-0.307245
	74.901000	-0.305473	-0.306311
	75.011000	-0.306525	-0.306640
	75.121000	-0.309678	-0.310821
	75.225000	-0.309007	-0.310128
	75.331000	-0.307390	-0.308008
	75.442000	-0.305670	-0.307061
	75.555000	-0.307347	-0.307321
	75.666000	-0.309996	-0.311022
	75.776000	-0.306782	-0.308432
	75.880000	-0.308728	-0.309083
	75.990000	-0.310480	-0.311538
	76.095000	-0.307314	-0.307830
	76.206000	-0.312097	-0.314056
	76.314000	-0.311499	-0.311854
	76.418000	-0.310483	-0.311485
	76.527000	-0.311696	-0.312787
	76.632000	-0.310121	-0.310036
	76.738000	-0.311167	-0.312422
	76.843000	-0.310729	-0.311094
	76.947000	-0.310798	-0.312856
	77.053000	-0.311909	-0.312702
	77.164000	-0.312764	-0.314539
	77.274000	-0.312255	-0.311827
	77.385000	-0.313241	-0.315341
	77.493000	-0.312238	-0.314138
	77.598000	-0.314496	-0.313869
	77.706000	-0.311288	-0.312702
	77.816000	-0.312975	-0.313261
	77.925000	-0.310256	-0.312330
	78.030000	-0.314164	-0.315535
	78.139000	-0.315611	-0.316101
	78.246000	-0.314381	-0.316107
	78.351000	-0.312859	-0.314615
	78.460000	-0.314388	-0.314605
	78.571000	-0.315065	-0.315946
	78.682000	-0.314263	-0.315207
	78.791000	-0.315788	-0.317363
	78.902000	-0.316544	-0.316548
	79.005000	-0.316212	-0.318448
	79.114000	-0.317189	-0.318149
	79.220000	-0.320078	-0.320900
	79.326000	-0.315118	-0.316728
	79.437000	-0.313251	-0.313902
	79.547000	-0.316798	-0.318264
	79.657000	-0.318175	-0.318365
	79.768000	-0.318444	-0.319789
	79.872000	-0.317504	-0.318270
	79.980000	-0.316666	-0.318458
	80.087000	-0.314733	-0.316416
	80.197000	-0.319197	-0.318185
	80.303000	-0.316495	-0.317652
	80.409000	-0.320200	-0.321863
	80.519000	-0.319283	-0.320164
	80.626000	-0.316216	-0.317869
	80.735000	-0.321179	-0.321570
	80.846000	-0.317383	-0.318885
	80.951000	-0.319227	-0.319759
	81.056000	-0.317392	-0.318017
	81.166000	-0.318829	-0.320489
	81.274000	-0.318901	-0.319884
	81.385000	-0.319943	-0.320561
	81.493000	-0.320219	-0.321597
	81.602000	-0.321856	-0.322327
	81.708000	-0.318947	-0.320486
	81.820000	-0.320042	-0.321140
	81.927000	-0.318369	-0.320213
	82.039000	-0.316804	-0.317491
	82.146000	-0.320808	-0.322507
	82.256000	-0.318566	-0.319749
	82.360000	-0.321409	-0.321413
	82.471000	-0.320496	-0.322885
	82.581000	-0.318951	-0.318836
	82.687000	-0.319348	-0.320072
	82.791000	-0.320216	-0.321176
	82.900000	-0.317113	-0.317981
	83.010000	-0.322622	-0.324138
	83.121000	-0.318497	-0.318563
	83.226000	-0.320039	-0.321245
	83.332000	-0.320098	-0.321462
	83.442000	-0.321449	-0.322468
	83.548000	-0.319595	-0.321206
	83.654000	-0.322488	-0.323470
	83.762000	-0.320085	-0.321830
	83.870000	-0.322958	-0.324378
	83.982000	-0.323089	-0.323214
	84.093000	-0.321452	-0.323069
	84.200000	-0.319401	-0.319884
	84.309000	-0.318379	-0.321005
	84.419000	-0.320111	-0.320026
	84.530000	-0.317922	-0.320213
	84.639000	-0.323037	-0.323332
	84.749000	-0.321071	-0.322307
	84.854000	-0.319920	-0.321633
	84.963000	-0.322560	-0.323319
	85.075000	-0.322129	-0.323497
	85.183000	-0.321643	-0.321709
	85.291000	-0.320558	-0.322675
	85.395000	-0.320338	-0.322205
	85.500000	-0.321728	-0.322103
	85.607000	-0.317856	-0.318408
	85.718000	-0.321051	-0.322488
	85.824000	-0.318757	-0.319217
	85.934000	-0.321567	-0.322415
	86.038000	-0.322047	-0.323198
	86.147000	-0.319855	-0.321676
	86.257000	-0.318504	-0.320118
	86.362000	-0.323207	-0.323438
	86.469000	-0.321636	-0.323493
	86.578000	-0.317734	-0.319036
	86.687000	-0.321153	-0.322110
	86.797000	-0.318730	-0.319319
	86.904000	-0.324197	-0.323500
	87.013000	-0.322889	-0.325052
	87.124000	-0.319799	-0.321169
	87.227000	-0.320187	-0.320548
	87.332000	-0.320173	-0.321856
	87.443000	-0.319769	-0.319569
	87.550000	-0.319345	-0.320962
	87.656000	-0.316318	-0.318504
	87.765000	-0.319500	-0.320597
	87.876000	-0.320913	-0.322333
	87.981000	-0.323753	-0.324361
	88.090000	-0.322613	-0.324545
	88.200000	-0.319552	-0.321110
	88.307000	-0.321097	-0.320505
	88.414000	-0.319141	-0.321077
	88.521000	-0.322284	-0.322849
	88.631000	-0.318983	-0.321179
	88.743000	-0.318826	-0.318957
	88.853000	-0.324174	-0.325693
	88.963000	-0.321442	-0.321640
	89.072000	-0.321676	-0.323017
	89.176000	-0.322231	-0.323980
	89.279000	-0.321465	-0.322599
	89.385000	-0.322961	-0.322790
	89.495000	-0.320390	-0.321709
	89.600000	-0.322041	-0.323221
	89.704000	-0.321340	-0.321462
	89.809000	-0.318977	-0.321975
	89.920000	-0.318849	-0.319108
	90.031000	-0.317984	-0.318806
	90.141000	-0.322254	-0.322008
	90.250000	-0.320775	-0.321761
	90.356000	-0.320614	-0.322327
	90.466000	-0.322113	-0.321245
	90.576000	-0.322941	-0.324877
	90.684000	-0.321988	-0.321906
	90.796000	-0.317813	-0.320177
	90.906000	-0.318891	-0.317991
	91.016000	-0.321768	-0.323398
	91.123000	-0.321623	-0.322356
	91.234000	-0.322277	-0.324217
	91.344000	-0.318688	-0.319299
	91.449000	-0.319509	-0.320906
	91.559000	-0.320808	-0.323201
	91.669000	-0.323198	-0.324220
	91.779000	-0.321653	-0.322905
	91.884000	-0.321745	-0.322064
	91.996000	-0.324397	-0.326113
	92.105000	-0.319085	-0.319490
	92.215000	-0.321449	-0.322343
	92.325000	-0.321058	-0.321672
	92.436000	-0.320328	-0.322152
	92.543000	-0.322826	-0.322261
	92.655000	-0.320939	-0.322590
	92.765000	-0.320716	-0.322123
	92.871000	-0.318066	-0.318628
	92.979000	-0.320962	-0.322106
	93.088000	-0.319920	-0.320374
	93.198000	-0.321485	-0.323441
	93.304000	-0.322277	-0.323668
	93.409000	-0.317024	-0.318319
	93.512000	-0.321975	-0.322366
	93.621000	-0.321863	-0.323934
	93.733000	-0.318980	-0.320782
	93.844000	-0.323352	-0.323569
	93.950000	-0.320634	-0.321873
	94.060000	-0.320443	-0.323240
	94.171000	-0.320874	-0.320785
	94.279000	-0.319707	-0.322211
	94.383000	-0.317468	-0.317777
	94.494000	-0.321952	-0.322231
	94.600000	-0.317899	-0.319299
	94.710000	-0.319943	-0.319378
	94.821000	-0.320147	-0.321400
	94.927000	-0.320548	-0.321035
	95.038000	-0.323099	-0.325190
	95.147000	-0.321455	-0.321876
	95.259000	-0.318681	-0.320387
	95.369000	-0.319440	-0.320335
	95.474000	-0.320512	-0.321291
	95.577000	-0.317596	-0.319424
	95.683000	-0.320607	-0.321623
	95.792000	-0.320302	-0.320742
	95.901000	-0.319956	-0.321656
	96.007000	-0.320995	-0.320976
	96.119000	-0.319217	-0.322277
	96.226000	-0.319789	-0.320318
	96.337000	-0.318507	-0.320101
	96.446000	-0.323848	-0.323816
	96.556000	-0.315305	-0.317225
	96.666000	-0.320187	-0.320699
	96.777000	-0.318425	-0.320496
	96.887000	-0.321202	-0.321386
	96.999000	-0.319894	-0.321117
	97.103000	-0.320022	-0.321511
	97.212000	-0.321787	-0.322409
	97.322000	-0.320367	-0.322445
	97.429000	-0.320206	-0.320213
	97.540000	-0.317639	-0.319217
	97.645000	-0.319500	-0.320791
	97.755000	-0.319956	-0.320706
	97.861000	-0.320088	-0.322021
	97.968000	-0.316140	-0.317774
	98.073000	-0.319661	-0.320006
	98.180000	-0.318993	-0.321094
	98.290000	-0.317987	-0.317498
	98.401000	-0.321051	-0.322290
	98.509000	-0.320269	-0.320923
	98.618000	-0.321561	-0.323217
	98.728000	-0.319145	-0.319059
	98.834000	-0.319582	-0.319986
	98.937000	-0.317603	-0.318753
	99.043000	-0.319802	-0.321015
	99.150000	-0.321607	-0.322465
	99.254000	-0.319490	-0.320676
	99.361000	-0.323073	-0.325029
	99.472000	-0.318615	-0.319999
	99.576000	-0.321025	-0.320499
	99.682000	-0.322534	-0.324897
	99.793000	-0.320417	-0.319565
	99.904000	-0.319296	-0.321432
	100.011000	-0.317853	-0.317452
	100.121000	-0.319546	-0.322231
	100.230000	-0.319230	-0.319322
	100.337000	-0.321110	-0.321442
	100.448000	-0.319292	-0.319506
	100.559000	-0.316995	-0.318875
	100.668000	-0.320035	-0.320440
	100.779000	-0.319302	-0.320759
	100.888000	-0.314473	-0.315279
	101.000000	-0.319851	-0.319947
	101.105000	-0.317728	-0.318993
	101.215000	-0.320568	-0.320989
	101.326000	-0.316222	-0.317287
	101.437000	-0.316725	-0.317534
	101.545000	-0.314316	-0.315545
	101.656000	-0.315752	-0.316064
	101.761000	-0.320887	-0.322353
	101.870000	-0.317629	-0.318313
	101.976000	-0.315742	-0.316341
	102.087000	-0.318405	-0.319654
	102.192000	-0.316272	-0.317126
	102.298000	-0.317001	-0.317738
	102.405000	-0.317984	-0.320173
	102.516000	-0.317235	-0.317616
	102.625000	-0.319138	-0.320515
	102.734000	-0.320364	-0.320124
	102.840000	-0.318734	-0.320318
	102.950000	-0.319315	-0.319703
	103.059000	-0.315578	-0.316653
	103.164000	-0.318642	-0.320210
	103.273000	-0.316298	-0.317008
	103.379000	-0.318697	-0.319194
	103.486000	-0.319680	-0.321271
	103.596000	-0.321048	-0.321446
	103.702000	-0.318507	-0.318402
	103.807000	-0.318188	-0.319884
	103.919000	-0.316005	-0.316581
	104.030000	-0.321314	-0.322254
	104.137000	-0.319799	-0.319779
	104.242000	-0.317800	-0.320118
	104.352000	-0.316265	-0.316689
	104.460000	-0.314940	-0.315479
	104.566000	-0.319332	-0.320450
	104.678000	-0.318211	-0.319276
	104.788000	-0.316110	-0.317632
	104.898000	-0.318195	-0.318500
	105.009000	-0.317123	-0.317698
	105.120000	-0.318612	-0.318796
	105.227000	-0.317107	-0.318658
	105.338000	-0.316137	-0.315884
	105.443000	-0.318145	-0.320246
	105.554000	-0.317139	-0.317337
	105.660000	-0.318273	-0.319164
	105.768000	-0.317139	-0.319723
	105.873000	-0.319766	-0.320597
	105.983000	-0.318237	-0.319707
	106.093000	-0.318300	-0.318648
	106.204000	-0.317948	-0.319010
	106.311000	-0.315821	-0.316679
	106.420000	-0.317261	-0.318152
	106.529000	-0.314940	-0.315825
	106.640000	-0.317422	-0.317363
	106.747000	-0.317511	-0.319562
	106.857000	-0.317744	-0.317396
	106.969000	-0.312297	-0.314309
	107.081000	-0.316028	-0.317212
	107.191000	-0.315147	-0.317504
	107.296000	-0.318260	-0.318589
	107.401000	-0.313231	-0.315404
	107.511000	-0.317317	-0.317028
	107.623000	-0.318191	-0.319003
	107.734000	-0.312159	-0.314076
	107.839000	-0.316719	-0.317399
	107.944000	-0.315098	-0.317047
	108.054000	-0.312810	-0.314227
	108.159000	-0.316216	-0.316097
	108.269000	-0.314746	-0.317225
	108.379000	-0.313790	-0.313162
	108.489000	-0.312725	-0.314473
	108.595000	-0.314441	-0.315134
	108.705000	-0.315055	-0.316170
	108.810000	-0.313257	-0.315680
	108.917000	-0.317935	-0.316873
	109.027000	-0.318882	-0.320831
	109.133000	-0.314796	-0.316544
	109.241000	-0.317974	-0.319168
	109.352000	-0.316308	-0.316515
	109.464000	-0.312360	-0.313934
	109.575000	-0.314667	-0.315259
	109.685000	-0.317107	-0.318106
	109.791000	-0.313980	-0.315476
	109.897000	-0.314809	-0.316012
	110.001000	-0.311338	-0.311755
	110.112000	-0.314411	-0.316416
	110.217000	-0.314023	-0.314641
	110.321000	-0.316702	-0.316926
	110.431000	-0.314638	-0.316860
	110.542000	-0.313747	-0.314293
	110.653000	-0.314457	-0.315489
	110.763000	-0.314539	-0.314927
	110.872000	-0.315364	-0.316867
	110.983000	-0.314598	-0.315147
	111.089000	-0.310871	-0.312320
	111.199000	-0.317373	-0.317392
	111.309000	-0.313122	-0.314520
	111.413000	-0.313974	-0.316137
	111.517000	-0.314470	-0.314464
	111.624000	-0.313320	-0.314266
	111.729000	-0.312952	-0.314644
	111.837000	-0.311476	-0.312534
	111.946000	-0.314010	-0.313984
	112.051000	-0.312324	-0.314615
	112.161000	-0.313629	-0.315105
	112.267000	-0.312514	-0.314010
	112.374000	-0.314092	-0.314211
	112.484000	-0.314013	-0.316327
	112.597000	-0.316193	-0.316383
	112.705000	-0.313001	-0.315282
	112.808000	-0.315256	-0.315815
	112.915000	-0.312426	-0.313694
	113.023000	-0.316495	-0.315805
	113.126000	-0.311127	-0.313300
	113.233000	-0.314621	-0.316347
	113.340000	-0.313359	-0.313855
	113.450000	-0.316295	-0.317508
	113.556000	-0.313389	-0.314273
	113.663000	-0.312481	-0.312866
	113.768000	-0.312347	-0.314641
	113.875000	-0.310670	-0.312337
	113.982000	-0.310384	-0.311180
	114.086000	-0.311952	-0.312975
	114.193000	-0.312649	-0.315072
	114.299000	-0.310427	-0.310933
	114.406000	-0.310210	-0.310844
	114.510000	-0.316554	-0.317748
	114.617000	-0.310897	-0.311107
	114.726000	-0.313694	-0.314549
	114.836000	-0.311952	-0.313800
	114.941000	-0.312153	-0.312005
	115.049000	-0.312544	-0.313704
	115.153000	-0.313481	-0.314980
	115.264000	-0.309605	-0.310069
	115.374000	-0.312366	-0.313763
	115.484000	-0.313412	-0.314151
	115.590000	-0.313392	-0.314858
	115.696000	-0.311032	-0.312465
	115.804000	-0.312209	-0.313277
	115.914000	-0.312899	-0.315190
	116.025000	-0.310894	-0.310302
	116.136000	-0.310401	-0.312373
	116.240000	-0.309779	-0.310019
	116.348000	-0.308461	-0.309418
	116.453000	-0.310963	-0.313070
	116.562000	-0.312212	-0.312836
	116.666000	-0.313648	-0.314079
	116.771000	-0.314618	-0.315953
	116.877000	-0.312380	-0.313971
	116.984000	-0.310391	-0.310904
	117.092000	-0.311531	-0.313803
	117.202000	-0.314230	-0.313800
	117.313000	-0.313399	-0.315128
	117.418000	-0.311196	-0.312232
	117.528000	-0.310174	-0.311153
	117.639000	-0.312810	-0.312942
	117.750000	-0.310775	-0.312215
	117.861000	-0.310989	-0.311591
	117.973000	-0.308760	-0.310835
	118.083000	-0.310424	-0.310010
	118.193000	-0.310690	-0.311643
	118.299000	-0.309819	-0.311988
	118.406000	-0.310033	-0.310374
	118.516000	-0.310309	-0.312475
	118.627000	-0.310936	-0.311176
	118.737000	-0.313402	-0.315292
	118.844000	-0.313201	-0.313602
	118.949000	-0.311446	-0.312478
	119.058000	-0.310164	-0.312606
	119.162000	-0.311206	-0.311476
	119.267000	-0.311758	-0.312031
	119.372000	-0.310470	-0.312458
	119.478000	-0.310979	-0.313740
	119.584000	-0.314059	-0.314122
	119.690000	-0.311624	-0.311956
	119.799000	-0.309740	-0.311808
	119.903000	-0.307768	-0.307699
	120.009000	-0.311525	-0.311216
	120.116000	-0.310976	-0.312820
	120.220000	-0.311850	-0.313132
	120.324000	-0.312087	-0.312577
	120.435000	-0.313517	-0.315631
	120.546000	-0.311883	-0.312554
	120.650000	-0.307587	-0.307755
	120.755000	-0.311926	-0.314947
	120.865000	-0.309858	-0.310108
	120.975000	-0.311035	-0.313596
	121.079000	-0.311042	-0.311748
	121.189000	-0.310407	-0.310466
	121.296000	-0.306236	-0.308869
	121.406000	-0.312340	-0.311124
	121.511000	-0.310644	-0.311505
	121.622000	-0.309957	-0.312297
	121.730000	-0.313303	-0.312968
	121.841000	-0.310088	-0.311827
	121.949000	-0.313214	-0.313783
	122.060000	-0.309395	-0.310900
	122.170000	-0.308346	-0.308626
	122.274000	-0.308902	-0.309661
	122.379000	-0.310697	-0.311998
	122.490000	-0.312396	-0.311863
	122.600000	-0.310286	-0.312495
	122.708000	-0.313057	-0.313050
	122.816000	-0.308908	-0.311663
	122.926000	-0.310795	-0.310509
	123.036000	-0.309050	-0.311193
	123.140000	-0.309148	-0.311170
	123.246000	-0.311610	-0.311180
	123.351000	-0.311679	-0.312048
	123.461000	-0.308905	-0.310085
	123.570000	-0.311449	-0.311407
	123.680000	-0.308731	-0.310805
	123.788000	-0.311305	-0.311903
	123.892000	-0.309658	-0.310345
	124.000000	-0.312251	-0.314158
	124.110000	-0.308527	-0.309605
	124.214000	-0.308017	-0.309191
	124.319000	-0.312971	-0.315098
	124.429000	-0.311610	-0.311670
	124.538000	-0.304504	-0.306647
	124.642000	-0.308287	-0.310154
	124.748000	-0.308290	-0.308073
	124.856000	-0.310289	-0.311939
	124.967000	-0.309253	-0.309724
	125.076000	-0.309707	-0.311416
	125.186000	-0.308944	-0.310233
	125.290000	-0.307613	-0.308655
	125.395000	-0.308691	-0.309296
	125.503000	-0.309539	-0.310848
	125.606000	-0.307948	-0.309342
	125.712000	-0.307935	-0.308800
	125.817000	-0.307442	-0.308185
	125.922000	-0.310279	-0.311104
	126.026000	-0.307416	-0.307975
	126.135000	-0.307015	-0.308829
	126.245000	-0.304691	-0.306042
	126.356000	-0.311006	-0.312241
	126.466000	-0.307607	-0.309165
	126.570000	-0.309175	-0.310815
	126.676000	-0.308701	-0.309013
	126.783000	-0.307715	-0.309602
	126.890000	-0.307561	-0.308136
	126.998000	-0.310831	-0.311794
	127.102000	-0.307235	-0.310276
	127.208000	-0.307794	-0.308254
	127.314000	-0.308806	-0.309250
	127.420000	-0.306039	-0.308606
	127.530000	-0.308152	-0.307508
	127.640000	-0.306315	-0.306390
	127.746000	-0.309848	-0.311295
	127.857000	-0.306252	-0.307577
	127.961000	-0.306581	-0.307735
	128.067000	-0.305273	-0.306706
	128.173000	-0.308195	-0.308879
	128.280000	-0.306676	-0.309280
	128.390000	-0.308126	-0.308721
	128.496000	-0.307041	-0.307534
	128.600000	-0.305795	-0.307580
	128.708000	-0.304162	-0.306555
	128.814000	-0.307656	-0.307607
	128.925000	-0.308524	-0.310286
	129.035000	-0.307071	-0.307797
	129.140000	-0.307939	-0.309487
	129.248000	-0.305473	-0.307114
	129.357000	-0.307501	-0.308119
	129.468000	-0.308090	-0.308731
	129.579000	-0.307012	-0.307948
	129.690000	-0.304563	-0.306384
	129.797000	-0.306637	-0.305963
	129.905000	-0.308083	-0.309845
	130.015000	-0.310292	-0.311091
	130.123000	-0.305059	-0.306719
	130.232000	-0.308014	-0.309270
	130.342000	-0.310069	-0.311568
	130.452000	-0.306006	-0.308021
	130.557000	-0.309319	-0.308803
	130.661000	-0.306380	-0.308228
	130.767000	-0.305516	-0.307955
	130.875000	-0.307120	-0.306075
	130.986000	-0.305273	-0.307383
	131.093000	-0.306357	-0.306463
	131.203000	-0.304264	-0.306377
	131.311000	-0.304628	-0.304306
	131.421000	-0.306433	-0.307597
	131.527000	-0.308678	-0.311012
	131.632000	-0.306200	-0.308389
	131.737000	-0.305855	-0.305440
	131.847000	-0.304520	-0.306308
	131.957000	-0.307465	-0.307245
	132.061000	-0.305444	-0.307140
	132.166000	-0.306367	-0.307610
	132.272000	-0.307715	-0.308389
	132.382000	-0.304573	-0.306410
	132.492000	-0.304724	-0.306167
	132.600000	-0.304027	-0.304211
	132.708000	-0.308711	-0.310756
	132.817000	-0.304158	-0.303984
	132.927000	-0.305000	-0.306354
	133.038000	-0.306269	-0.306709
	133.144000	-0.306141	-0.306910
	133.248000	-0.306597	-0.308087
	133.356000	-0.305815	-0.307015
	133.465000	-0.304270	-0.305138
	133.576000	-0.303524	-0.304510
	133.683000	-0.305506	-0.306709
	133.788000	-0.304083	-0.306782
	133.892000	-0.304536	-0.305430
	133.998000	-0.305200	-0.304559
	134.107000	-0.305394	-0.306666
	134.213000	-0.304533	-0.307771
	134.318000	-0.305572	-0.304684
	134.426000	-0.306719	-0.308412
	134.534000	-0.305723	-0.307018
	134.639000	-0.304934	-0.305414
	134.743000	-0.303379	-0.304520
	134.850000	-0.306275	-0.307324
	134.961000	-0.302482	-0.302784
	135.068000	-0.302597	-0.304287
	135.174000	-0.301887	-0.303330
	135.280000	-0.304356	-0.303882
	135.385000	-0.306785	-0.307603
	135.496000	-0.305585	-0.306055
	135.606000	-0.304086	-0.305789
	135.716000	-0.305979	-0.305910
	135.825000	-0.304079	-0.305809
	135.932000	-0.306640	-0.308892
	136.039000	-0.305388	-0.304964
	136.148000	-0.304763	-0.307156
	136.257000	-0.307189	-0.308031
	136.362000	-0.304997	-0.305493
	136.472000	-0.308077	-0.309648
	136.576000	-0.305595	-0.306167
	136.684000	-0.303047	-0.303494
	136.789000	-0.303698	-0.305664
	136.898000	-0.303143	-0.303222
	137.008000	-0.306180	-0.307850
	137.114000	-0.307922	-0.309457
	137.223000	-0.306390	-0.306532
	137.332000	-0.303152	-0.304918
	137.437000	-0.305003	-0.305979
	137.544000	-0.306578	-0.306989
	137.649000	-0.305066	-0.306798
	137.754000	-0.305523	-0.307137
	137.860000	-0.305493	-0.305634
	137.965000	-0.304872	-0.306637
	138.071000	-0.307745	-0.308797
	138.183000	-0.304573	-0.304543
	138.296000	-0.304743	-0.305894
	138.405000	-0.305716	-0.306233
	138.510000	-0.306558	-0.308251
	138.616000	-0.302650	-0.304895
	138.721000	-0.302778	-0.302765
	138.828000	-0.306420	-0.306417
	138.933000	-0.302860	-0.305375
	139.044000	-0.306210	-0.305953
	139.154000	-0.304020	-0.305588
	139.265000	-0.303563	-0.303902
	139.374000	-0.306269	-0.307330
	139.478000	-0.301946	-0.303320
	139.587000	-0.303646	-0.305135
	139.699000	-0.305536	-0.306703
	139.808000	-0.302390	-0.303488
	139.916000	-0.306755	-0.307771
	140.025000	-0.303080	-0.303662
	140.135000	-0.306755	-0.307360
	140.239000	-0.306522	-0.307689
	140.349000	-0.301654	-0.303136
	140.456000	-0.306039	-0.307774
	140.566000	-0.303915	-0.304471
	140.673000	-0.306653	-0.308050
	140.778000	-0.302955	-0.304697
	140.883000	-0.304799	-0.305595
	140.987000	-0.305269	-0.306443
	141.096000	-0.304862	-0.306525
	141.205000	-0.307623	-0.307215
	141.313000	-0.304937	-0.307334
	141.420000	-0.304070	-0.304796
	141.530000	-0.304484	-0.305246
	141.635000	-0.304178	-0.306456
	141.745000	-0.302899	-0.304237
	141.849000	-0.305407	-0.305112
	141.955000	-0.306141	-0.307965
	142.059000	-0.305680	-0.306561
	142.163000	-0.302919	-0.303162
	142.268000	-0.302436	-0.303034
	142.377000	-0.303619	-0.304895
	142.488000	-0.303524	-0.303968
	142.598000	-0.303721	-0.305283
	142.702000	-0.305003	-0.306055
	142.806000	-0.304369	-0.304707
	142.909000	-0.304849	-0.305894
	143.014000	-0.303665	-0.305135
	143.124000	-0.304596	-0.304836
	143.231000	-0.302988	-0.304826
	143.340000	-0.304559	-0.305549
	143.448000	-0.301917	-0.301621
	143.553000	-0.304816	-0.305828
	143.663000	-0.301719	-0.302350
	143.771000	-0.304244	-0.304707
	143.875000	-0.304188	-0.306423
	143.980000	-0.302581	-0.304260
	144.089000	-0.300861	-0.302087
	144.200000	-0.306371	-0.307373
	144.311000	-0.301897	-0.303465
	144.418000	-0.304845	-0.305473
	144.525000	-0.303169	-0.303882
	144.632000	-0.302893	-0.304056
	144.736000	-0.301065	-0.303294
	144.842000	-0.303981	-0.302791
	144.945000	-0.304181	-0.304655
	145.048000	-0.302212	-0.302866
	145.154000	-0.306558	-0.308037
	145.261000	-0.305246	-0.306755
	145.370000	-0.304076	-0.304540
	145.480000	-0.306683	-0.308484
	145.585000	-0.303932	-0.304983
	145.689000	-0.303905	-0.303886
	145.796000	-0.303291	-0.304553
	145.900000	-0.303632	-0.305973
	146.004000	-0.304812	-0.305503
	146.109000	-0.305615	-0.305697
	146.212000	-0.304356	-0.305289
	146.319000	-0.305687	-0.307084
	146.428000	-0.305749	-0.306121
	146.533000	-0.305095	-0.305999
	146.637000	-0.302597	-0.304536
	146.747000	-0.303461	-0.303304
	146.859000	-0.305020	-0.306841
	146.967000	-0.303534	-0.303340
	147.076000	-0.301963	-0.303708
	147.180000	-0.303810	-0.305552
	147.285000	-0.303208	-0.303777
	147.390000	-0.303425	-0.304471
	147.496000	-0.305177	-0.306699
	147.604000	-0.304356	-0.304579
	147.716000	-0.304316	-0.305020
	147.821000	-0.304428	-0.306173
	147.929000	-0.302245	-0.302186
	148.037000	-0.301437	-0.304306
	148.149000	-0.302314	-0.301588
	148.258000	-0.303235	-0.305624
	148.364000	-0.305016	-0.305085
	148.474000	-0.303461	-0.304139
	148.580000	-0.304050	-0.304898
	148.686000	-0.301236	-0.302285
	148.796000	-0.304628	-0.305391
	148.906000	-0.303619	-0.303951
	149.017000	-0.305897	-0.307692
	149.125000	-0.306811	-0.308277
	149.229000	-0.303077	-0.303235
	149.333000	-0.307176	-0.307347
	149.439000	-0.305319	-0.307610
	149.548000	-0.300398	-0.301256
	149.657000	-0.304099	-0.305102
	149.765000	-0.301312	-0.302140
	149.874000	-0.303793	-0.304004
	149.980000	-0.302909	-0.304638
	150.085000	-0.305519	-0.306880
	150.190000	-0.304622	-0.304527
	150.299000	-0.306246	-0.307958
	150.404000	-0.304428	-0.306246
	150.508000	-0.303350	-0.303415
	150.614000	-0.299471	-0.300805
	150.723000	-0.301469	-0.304086
	150.832000	-0.304674	-0.305306
	150.938000	-0.299168	-0.300641
	151.048000	-0.303442	-0.303655
	151.154000	-0.303583	-0.304145
	151.259000	-0.302778	-0.304208
	151.366000	-0.301598	-0.302863
	151.469000	-0.302594	-0.303254
	151.575000	-0.298781	-0.299888
	151.682000	-0.303586	-0.304494
	151.786000	-0.300940	-0.301923
	151.892000	-0.302771	-0.303310
	152.003000	-0.305730	-0.306591
	152.107000	-0.303175	-0.303573
	152.218000	-0.299668	-0.301815
	152.323000	-0.303734	-0.304743
	152.427000	-0.302396	-0.302321
	152.532000	-0.303103	-0.303711
	152.642000	-0.303366	-0.305210
	152.752000	-0.306065	-0.306722
	152.857000	-0.303225	-0.304109
	152.964000	-0.301986	-0.303498
	153.072000	-0.302308	-0.302620
	153.179000	-0.304148	-0.304901
	153.288000	-0.304237	-0.305128
	153.397000	-0.302771	-0.303133
	153.504000	-0.302245	-0.304053
	153.609000	-0.302436	-0.303731
	153.714000	-0.302551	-0.302426
	153.822000	-0.300914	-0.303415
	153.934000	-0.303461	-0.304622
	154.043000	-0.301746	-0.303642
	154.152000	-0.303968	-0.304753
	154.257000	-0.301887	-0.302472
	154.365000	-0.301443	-0.303790
	154.477000	-0.302669	-0.302232
	154.582000	-0.301591	-0.302988
	154.687000	-0.301460	-0.304096
	154.797000	-0.304789	-0.304208
	154.908000	-0.300256	-0.302212
	155.012000	-0.302965	-0.303182
	155.122000	-0.302735	-0.304651
	155.231000	-0.301164	-0.300894
	155.342000	-0.301032	-0.302571
	155.447000	-0.300674	-0.302472
	155.552000	-0.302709	-0.303724
	155.657000	-0.299859	-0.300362
	155.763000	-0.303172	-0.305046
	155.874000	-0.302130	-0.302032
	155.986000	-0.301930	-0.303790
	156.094000	-0.303580	-0.304047
	156.198000	-0.302130	-0.303997
	156.305000	-0.302462	-0.304247
	156.416000	-0.300641	-0.300947
	156.523000	-0.305184	-0.306039
	156.630000	-0.303409	-0.304520
	156.739000	-0.304112	-0.304681
	156.844000	-0.302078	-0.303715
	156.948000	-0.302410	-0.303169
	157.055000	-0.303570	-0.303721
	157.162000	-0.298570	-0.299586
	157.267000	-0.301101	-0.302613
	157.371000	-0.300372	-0.301361
	157.476000	-0.301085	-0.301269
	157.585000	-0.303744	-0.305473
	157.696000	-0.301279	-0.301522
	157.805000	-0.302768	-0.304382
	157.916000	-0.299425	-0.300533
	158.024000	-0.301289	-0.304148
	158.133000	-0.303751	-0.304273
	158.238000	-0.303379	-0.303843
	158.344000	-0.304494	-0.306052
	158.448000	-0.300618	-0.302689
	158.553000	-0.300013	-0.300930
	158.662000	-0.301775	-0.303938
	158.771000	-0.303083	-0.303866
	158.875000	-0.302942	-0.304168
	158.980000	-0.300812	-0.301187
	159.088000	-0.299708	-0.301325
	159.192000	-0.301634	-0.302587
	159.296000	-0.301555	-0.302114
	159.402000	-0.301673	-0.301844
	159.508000	-0.302702	-0.305131
	159.618000	-0.304287	-0.304125
	159.725000	-0.300674	-0.302166
	159.830000	-0.303932	-0.304983
	159.936000	-0.300355	-0.300493
	160.039000	-0.302354	-0.302682
	160.146000	-0.302406	-0.303981
	160.252000	-0.301709	-0.303202
	160.362000	-0.302857	-0.302811
	160.467000	-0.299270	-0.300516
	160.573000	-0.299704	-0.301134
	160.676000	-0.301223	-0.301917
	160.785000	-0.302446	-0.303978
	160.895000	-0.300569	-0.301331
	161.002000	-0.302137	-0.302225
	161.112000	-0.302390	-0.304073
	161.216000	-0.300615	-0.301627
	161.322000	-0.303156	-0.304201
	161.430000	-0.301762	-0.303747
	161.538000	-0.299888	-0.299800
	161.646000	-0.302183	-0.304135
	161.750000	-0.302557	-0.304520
	161.860000	-0.300635	-0.300510
	161.970000	-0.304162	-0.306134
	162.079000	-0.300727	-0.300605
	162.188000	-0.303422	-0.305059
	162.295000	-0.299629	-0.301351
	162.400000	-0.303491	-0.303738
	162.505000	-0.300132	-0.302176
	162.615000	-0.302170	-0.302952
	162.725000	-0.299142	-0.299546
	162.831000	-0.302423	-0.304717
	162.938000	-0.301285	-0.302170
	163.043000	-0.302820	-0.303248
	163.148000	-0.302360	-0.303672
	163.254000	-0.302627	-0.303567
	163.360000	-0.303744	-0.303846
	163.465000	-0.301903	-0.302406
	163.570000	-0.299685	-0.301420
	163.674000	-0.305736	-0.306597
	163.781000	-0.303396	-0.303662
	163.886000	-0.303613	-0.304093
	163.991000	-0.297236	-0.299073
	164.097000	-0.302449	-0.302968
	164.203000	-0.303419	-0.302728
	164.313000	-0.302784	-0.304928
	164.418000	-0.302712	-0.302880
	164.527000	-0.303281	-0.303366
	164.636000	-0.305256	-0.305112
	164.746000	-0.301036	-0.302673
	164.859000	-0.299040	-0.299237
	164.968000	-0.302620	-0.302952
	165.072000	-0.302028	-0.303728
	165.178000	-0.301160	-0.303517
	165.281000	-0.300697	-0.300858
	165.389000	-0.303718	-0.304674
	165.495000	-0.301496	-0.302804
	165.599000	-0.298712	-0.300312
	165.703000	-0.301775	-0.301535
	165.812000	-0.301157	-0.302390
	165.916000	-0.298656	-0.300753
	166.022000	-0.302377	-0.301575
	166.132000	-0.299487	-0.301456
	166.243000	-0.299905	-0.301197
	166.348000	-0.302022	-0.302590
	166.453000	-0.300710	-0.302804
	166.564000	-0.302880	-0.303126
	166.667000	-0.301065	-0.302321
	166.773000	-0.298721	-0.301091
	166.881000	-0.302235	-0.302377
	166.991000	-0.300109	-0.301368
	167.096000	-0.302127	-0.304280
	167.203000	-0.298462	-0.299178
	167.309000	-0.300036	-0.301440
	167.420000	-0.299067	-0.301538
	167.523000	-0.302469	-0.302488
	167.629000	-0.298876	-0.300197
	167.732000	-0.300066	-0.301279
	167.838000	-0.302834	-0.304770
	167.942000	-0.299027	-0.300247
	168.047000	-0.300506	-0.300125
	168.155000	-0.302656	-0.303287
	168.261000	-0.301654	-0.302357
	168.370000	-0.303116	-0.303662
	168.477000	-0.300020	-0.301986
	168.587000	-0.298873	-0.299175
	168.694000	-0.298652	-0.299533
	168.802000	-0.300424	-0.300697
	168.913000	-0.300753	-0.301667
	169.021000	-0.299645	-0.300753
	169.129000	-0.300611	-0.301345
	169.235000	-0.299182	-0.300796
	169.339000	-0.299090	-0.300963
	169.446000	-0.299905	-0.300838
	169.551000	-0.301377	-0.301374
	169.660000	-0.299727	-0.301374
	169.768000	-0.302406	-0.303563
	169.873000	-0.299214	-0.300095
	169.980000	-0.301532	-0.302936
	170.084000	-0.301969	-0.303662
	170.187000	-0.302298	-0.301989
	170.294000	-0.296973	-0.298080
	170.401000	-0.302857	-0.303258
	170.511000	-0.299083	-0.299783
	170.618000	-0.299602	-0.300661
	170.722000	-0.301588	-0.303323
	170.826000	-0.300089	-0.300441
	170.932000	-0.300109	-0.300661
	171.041000	-0.297699	-0.299615
	171.150000	-0.298343	-0.298353
	171.255000	-0.300782	-0.301877
	171.360000	-0.301105	-0.302393
	171.469000	-0.297955	-0.297610
	171.579000	-0.300704	-0.302804
	171.688000	-0.299086	-0.299671
	171.792000	-0.303074	-0.302778
	171.897000	-0.301880	-0.303054
	172.004000	-0.297771	-0.297863
	172.109000	-0.298498	-0.298511
	172.215000	-0.300003	-0.300588
	172.325000	-0.298307	-0.299964
	172.434000	-0.299382	-0.300345
	172.543000	-0.299346	-0.300858
	172.654000	-0.300552	-0.300141
	172.757000	-0.300562	-0.302344
	172.865000	-0.299708	-0.300786
	172.975000	-0.300690	-0.301581
	173.080000	-0.299336	-0.301598
	173.187000	-0.300086	-0.301420
	173.292000	-0.300227	-0.300053
	173.398000	-0.299924	-0.301515
	173.503000	-0.301614	-0.303274
	173.610000	-0.302429	-0.301782
	173.721000	-0.298948	-0.300934
	173.830000	-0.302110	-0.303103
	173.934000	-0.298767	-0.298619
	174.041000	-0.300506	-0.302469
	174.150000	-0.299632	-0.299638
	174.254000	-0.298573	-0.299211
	174.359000	-0.299366	-0.300809
	174.465000	-0.298498	-0.299928
	174.576000	-0.297669	-0.298662
	174.681000	-0.302005	-0.303563
	174.787000	-0.296950	-0.298287
	174.892000	-0.301026	-0.300194
	174.998000	-0.300326	-0.301972
	175.107000	-0.300812	-0.301670
	175.216000	-0.297650	-0.298107
	175.327000	-0.301351	-0.302564
	175.431000	-0.299333	-0.300306
	175.536000	-0.302265	-0.302094
	175.641000	-0.297380	-0.299142
	175.749000	-0.298432	-0.299408
	175.858000	-0.299412	-0.299744
	175.967000	-0.303386	-0.305220
	176.071000	-0.298919	-0.299829
	176.176000	-0.299507	-0.299836
	176.279000	-0.302295	-0.303369
	176.384000	-0.300805	-0.302728
	176.491000	-0.302676	-0.303271
	176.599000	-0.301285	-0.302653
	176.710000	-0.298708	-0.300224
	176.819000	-0.300109	-0.299984
	176.924000	-0.301716	-0.303770
	177.033000	-0.297005	-0.297078
	177.143000	-0.298800	-0.300102
	177.246000	-0.300500	-0.301963
	177.349000	-0.299635	-0.301512
	177.452000	-0.299293	-0.299638
	177.556000	-0.302133	-0.302206
	177.661000	-0.301877	-0.304280
	177.771000	-0.299921	-0.300523
	177.876000	-0.298301	-0.298320
	177.985000	-0.298008	-0.299994
	178.090000	-0.300161	-0.300677
	178.198000	-0.298587	-0.299047
	178.305000	-0.298843	-0.300970
	178.411000	-0.298557	-0.300789
	178.522000	-0.301124	-0.302308
	178.631000	-0.299885	-0.301216
	178.736000	-0.300911	-0.300467
	178.843000	-0.298080	-0.299024
	178.946000	-0.302439	-0.303369
	179.053000	-0.297360	-0.298606
	179.160000	-0.298498	-0.299122
	179.269000	-0.297107	-0.298731
	179.377000	-0.297531	-0.297495
	179.481000	-0.301414	-0.301966
	179.586000	-0.299704	-0.301637
	179.691000	-0.299454	-0.300602
	179.796000	-0.300467	-0.299622
	179.902000	-0.298889	-0.300148
	180.012000	-0.299961	-0.301131
	180.116000	-0.302814	-0.303195
	180.221000	-0.300043	-0.301197
	180.325000	-0.300950	-0.300799
	180.430000	-0.298692	-0.300934
	180.535000	-0.301101	-0.301657
	180.644000	-0.299477	-0.300750
	180.750000	-0.296904	-0.298994
	180.858000	-0.300214	-0.300549
	180.964000	-0.302840	-0.303682
	181.075000	-0.302577	-0.303563
	181.181000	-0.300805	-0.300503
	181.288000	-0.298557	-0.300339
	181.397000	-0.299740	-0.301341
	181.506000	-0.303172	-0.304914
	181.615000	-0.298708	-0.300184
	181.720000	-0.299688	-0.299977
	181.829000	-0.301075	-0.302012
	181.933000	-0.301249	-0.302913
	182.040000	-0.295260	-0.296746
	182.144000	-0.300483	-0.300704
	182.248000	-0.300299	-0.302387
	182.355000	-0.301276	-0.302311
	182.461000	-0.299737	-0.299662
	182.569000	-0.298238	-0.300605
	182.679000	-0.300618	-0.301269
	182.788000	-0.298176	-0.300483
	182.893000	-0.298850	-0.299967
	182.999000	-0.302459	-0.302446
	183.108000	-0.301154	-0.302347
	183.213000	-0.296910	-0.299103
	183.321000	-0.300842	-0.300835
	183.429000	-0.299402	-0.301930
	183.537000	-0.301979	-0.302817
	183.643000	-0.297857	-0.298846
	183.747000	-0.300641	-0.301535
	183.855000	-0.299665	-0.300782
	183.960000	-0.298971	-0.299731
	184.064000	-0.301075	-0.301299
	184.171000	-0.296529	-0.297722
	184.276000	-0.298689	-0.300312
	184.383000	-0.298863	-0.299241
	184.487000	-0.301538	-0.302055
	184.592000	-0.300881	-0.302334
	184.699000	-0.298623	-0.299510
	184.806000	-0.297860	-0.298458
	184.913000	-0.301072	-0.302534
	185.018000	-0.298491	-0.299191
	185.128000	-0.297929	-0.299211
	185.235000	-0.299412	-0.300687
	185.340000	-0.300312	-0.300707
	185.445000	-0.297686	-0.299175
	185.554000	-0.299188	-0.300842
	185.658000	-0.302193	-0.302074
	185.764000	-0.298074	-0.299024
	185.869000	-0.296493	-0.297314
	185.973000	-0.295691	-0.298396
	186.080000	-0.299076	-0.299606
	186.186000	-0.301923	-0.303268
	186.289000	-0.296959	-0.298761
	186.394000	-0.299921	-0.301571
	186.504000	-0.299155	-0.299017
	186.613000	-0.297061	-0.298922
	186.718000	-0.300641	-0.301815
	186.824000	-0.297650	-0.297946
	186.932000	-0.297811	-0.299540
	187.044000	-0.297466	-0.297367
	187.154000	-0.302173	-0.302847
	187.258000	-0.301453	-0.302222
	187.366000	-0.300260	-0.301397
	187.471000	-0.300598	-0.302988
	187.580000	-0.299293	-0.300023
	187.686000	-0.300582	-0.301308
	187.795000	-0.298320	-0.299708
	187.905000	-0.295717	-0.296217
	188.009000	-0.298462	-0.298974
	188.114000	-0.298928	-0.300102
	188.218000	-0.299895	-0.300549
	188.325000	-0.297663	-0.297778
	188.431000	-0.300970	-0.302364
	188.539000	-0.300552	-0.301042
	188.648000	-0.297390	-0.298590
	188.755000	-0.298149	-0.299609
	188.859000	-0.296483	-0.298370
	188.966000	-0.298915	-0.299619
	189.072000	-0.298518	-0.299727
	189.183000	-0.298659	-0.298948
	189.288000	-0.301476	-0.301736
	189.396000	-0.300076	-0.302278
	189.502000	-0.299954	-0.300161
	189.606000	-0.297663	-0.297998
	189.711000	-0.301003	-0.301762
	189.823000	-0.298790	-0.299731
	189.932000	-0.301220	-0.302820
	190.035000	-0.297239	-0.298232
	190.138000	-0.301765	-0.303254
	190.243000	-0.297134	-0.298823
	190.348000	-0.296210	-0.295888
	190.455000	-0.296029	-0.297791
	190.561000	-0.299941	-0.299826
	190.669000	-0.300033	-0.300865
	190.776000	-0.298018	-0.299283
	190.881000	-0.297012	-0.298738
	190.986000	-0.297051	-0.298294
	191.091000	-0.299599	-0.299556
	191.200000	-0.300128	-0.302130
	191.304000	-0.301114	-0.302068
	191.409000	-0.297075	-0.297449
	191.515000	-0.297919	-0.299277
	191.625000	-0.298942	-0.299849
	191.730000	-0.299629	-0.300243
	191.835000	-0.298100	-0.299642
	191.944000	-0.297160	-0.297229
	192.048000	-0.297268	-0.297742
	192.157000	-0.301055	-0.302433
	192.262000	-0.296976	-0.299553
	192.367000	-0.296841	-0.297663
	192.473000	-0.298606	-0.297923
	192.576000	-0.300303	-0.302032
	192.682000	-0.298176	-0.300276
	192.788000	-0.297255	-0.297436
	192.894000	-0.301335	-0.302410
	193.000000	-0.298028	-0.300444
	193.106000	-0.301121	-0.301795
	193.214000	-0.298452	-0.299290
	193.320000	-0.299563	-0.301887
	193.429000	-0.298935	-0.298912
	193.537000	-0.300519	-0.302163
	193.646000	-0.296171	-0.297196
	193.751000	-0.299740	-0.300046
	193.863000	-0.296098	-0.297781
	193.968000	-0.299126	-0.300562
	194.072000	-0.297716	-0.298228
	194.176000	-0.296910	-0.298478
	194.284000	-0.297666	-0.300105
	194.392000	-0.297528	-0.297637
	194.497000	-0.298708	-0.299090
	194.601000	-0.296601	-0.298475
	194.709000	-0.298232	-0.298876
	194.813000	-0.297459	-0.297420
	194.920000	-0.299336	-0.301006
	195.029000	-0.298853	-0.299113
	195.137000	-0.299182	-0.300030
	195.244000	-0.297656	-0.298938
	195.347000	-0.301512	-0.301831
	195.452000	-0.299487	-0.299602
	195.561000	-0.297476	-0.299149
	195.669000	-0.299297	-0.299520
	195.780000	-0.296463	-0.298363
	195.885000	-0.296121	-0.298468
	195.991000	-0.300092	-0.300582
	196.094000	-0.298830	-0.299362
	196.200000	-0.297969	-0.299251
	196.305000	-0.295608	-0.297597
	196.413000	-0.297660	-0.297571
	196.517000	-0.299533	-0.299708
	196.622000	-0.300684	-0.302150
	196.725000	-0.298557	-0.300638
	196.830000	-0.296982	-0.297186
	196.935000	-0.298054	-0.298804
	197.039000	-0.298156	-0.300082
	197.144000	-0.301295	-0.302982
	197.249000	-0.297298	-0.299336
	197.353000	-0.294800	-0.295931
	197.461000	-0.294810	-0.295714
	197.565000	-0.298008	-0.299362
	197.668000	-0.297078	-0.297617
	197.774000	-0.295513	-0.296729
	197.879000	-0.295414	-0.296036
	197.983000	-0.296414	-0.297522
	198.087000	-0.297949	-0.299136
	198.191000	-0.297226	-0.298031
	198.296000	-0.298324	-0.298130
	198.400000	-0.298521	-0.299645
	198.505000	-0.298159	-0.301634
	198.613000	-0.299441	-0.299911
	198.718000	-0.298225	-0.298718
	198.824000	-0.297101	-0.297919
	198.934000	-0.301453	-0.302222
	199.039000	-0.298823	-0.299763
	199.150000	-0.299027	-0.300286
	199.258000	-0.295217	-0.295033
	199.365000	-0.300099	-0.301295
	199.470000	-0.299231	-0.301466
	199.575000	-0.299093	-0.299527
	199.682000	-0.295240	-0.296164
	199.785000	-0.297190	-0.298965
	199.894000	-0.299816	-0.299142
	200.003000	-0.295536	-0.297972
	200.110000	-0.298090	-0.298251
	200.216000	-0.298449	-0.298879
	200.322000	-0.297009	-0.298202
	200.428000	-0.297643	-0.299704
	200.536000	-0.297114	-0.297844
	200.646000	-0.298626	-0.299277
	200.751000	-0.295359	-0.297242
	200.855000	-0.299044	-0.298475
	200.962000	-0.298416	-0.298991
	201.070000	-0.296608	-0.298649
	201.175000	-0.298705	-0.298662
	201.281000	-0.299070	-0.298942
	201.384000	-0.298294	-0.298991
	201.490000	-0.298077	-0.299724
	201.597000	-0.296338	-0.296917
	201.703000	-0.297288	-0.297311
	201.811000	-0.296404	-0.297821
	201.918000	-0.301404	-0.301203
	202.027000	-0.298633	-0.301062
	202.137000	-0.296190	-0.296802
	202.247000	-0.297913	-0.300033
	202.358000	-0.297771	-0.297972
	202.462000	-0.300362	-0.300516
	202.570000	-0.297785	-0.300631
	202.678000	-0.296779	-0.296279
	202.786000	-0.298787	-0.300210
	202.892000	-0.296966	-0.298797
	203.001000	-0.294813	-0.294698
	203.107000	-0.298123	-0.299422
	203.213000	-0.298038	-0.299428
	203.325000	-0.298179	-0.298481
	203.430000	-0.296687	-0.299277
	203.537000	-0.299990	-0.299579
	203.644000	-0.297916	-0.298458
	203.750000	-0.299182	-0.300411
	203.855000	-0.295546	-0.296434
	203.960000	-0.299507	-0.299267
	204.065000	-0.298264	-0.298317
	204.172000	-0.301085	-0.302291
	204.276000	-0.296644	-0.298011
	204.380000	-0.298873	-0.298353
	204.485000	-0.296420	-0.297699
	204.592000	-0.299001	-0.300743
	204.695000	-0.297380	-0.299024
	204.801000	-0.298481	-0.298422
	204.906000	-0.297827	-0.299185
	205.012000	-0.300667	-0.301016
	205.117000	-0.298386	-0.300750
	205.222000	-0.297466	-0.297456
	205.328000	-0.301206	-0.303198
	205.437000	-0.297354	-0.298514
	205.544000	-0.296769	-0.297735
	205.652000	-0.299260	-0.300937
	205.757000	-0.296240	-0.297673
	205.862000	-0.299441	-0.300276
	205.967000	-0.297025	-0.297850
	206.078000	-0.301621	-0.302012
	206.183000	-0.299385	-0.300076
	206.289000	-0.297439	-0.298804
	206.393000	-0.299468	-0.301361
	206.498000	-0.300592	-0.301193
	206.607000	-0.295917	-0.296499
	206.711000	-0.297883	-0.298534
	206.816000	-0.296637	-0.298238
	206.919000	-0.297824	-0.298248
	207.022000	-0.298071	-0.298472
	207.128000	-0.297360	-0.298889
	207.236000	-0.299806	-0.301650
	207.342000	-0.298274	-0.298735
	207.448000	-0.299586	-0.300086
	207.559000	-0.298149	-0.299113
	207.670000	-0.296072	-0.296443
	207.774000	-0.298337	-0.299872
	207.879000	-0.297377	-0.298363
	207.985000	-0.297985	-0.298018
	208.095000	-0.299247	-0.301078
	208.203000	-0.300565	-0.301252
	208.309000	-0.297005	-0.298741
	208.419000	-0.296410	-0.298110
	208.522000	-0.297834	-0.298110
	208.627000	-0.298100	-0.298324
	208.731000	-0.296897	-0.298458
	208.838000	-0.298380	-0.298735
	208.941000	-0.298961	-0.300828
	209.045000	-0.298245	-0.298827
	209.151000	-0.296588	-0.297420
	209.256000	-0.296151	-0.297909
	209.361000	-0.296835	-0.297837
	209.468000	-0.298616	-0.298758
	209.576000	-0.300441	-0.301552
	209.679000	-0.296904	-0.298409
	209.784000	-0.296470	-0.297410
	209.890000	-0.298225	-0.299711
	209.994000	-0.296871	-0.298107
	210.099000	-0.298120	-0.298652
	210.205000	-0.297952	-0.297462
	210.313000	-0.296246	-0.297360
	210.421000	-0.297032	-0.297180
	210.532000	-0.299007	-0.300615
	210.640000	-0.295240	-0.296710
	210.748000	-0.296871	-0.296887
	210.852000	-0.299014	-0.300404
	210.956000	-0.297909	-0.300243
	211.061000	-0.294852	-0.296029
	211.165000	-0.299566	-0.299221
	211.272000	-0.295276	-0.296910
	211.377000	-0.299330	-0.302064
	211.481000	-0.297245	-0.297785
	211.587000	-0.297817	-0.297811
	211.693000	-0.295963	-0.296992
	211.797000	-0.298587	-0.300845
	211.903000	-0.295700	-0.296305
	212.006000	-0.298080	-0.298823
	212.112000	-0.296798	-0.298360
	212.223000	-0.299129	-0.300467
	212.328000	-0.298974	-0.299901
	212.436000	-0.298833	-0.300329
	212.545000	-0.295342	-0.295437
	212.657000	-0.298071	-0.298879
	212.762000	-0.296762	-0.298639
	212.867000	-0.298754	-0.298820
	212.971000	-0.296739	-0.296969
	213.076000	-0.300059	-0.301414
	213.180000	-0.297456	-0.299510
	213.286000	-0.297045	-0.297249
	213.393000	-0.296167	-0.296956
	213.498000	-0.295717	-0.296864
	213.602000	-0.298241	-0.299865
	213.709000	-0.299885	-0.299596
	213.814000	-0.298238	-0.299053
	213.919000	-0.297870	-0.299731
	214.024000	-0.295852	-0.297840
	214.131000	-0.295280	-0.296072
	214.235000	-0.295030	-0.296769
	214.344000	-0.300733	-0.301483
	214.453000	-0.296825	-0.298117
	214.561000	-0.295921	-0.298146
	214.670000	-0.298866	-0.299021
	214.773000	-0.299773	-0.300628
	214.878000	-0.297781	-0.299053
	214.984000	-0.297712	-0.299537
	215.092000	-0.301292	-0.301059
	215.200000	-0.296013	-0.298327
	215.306000	-0.297160	-0.298251
	215.415000	-0.295825	-0.296680
	215.520000	-0.298176	-0.299770
	215.626000	-0.298501	-0.299642
	215.730000	-0.297048	-0.297282
	215.835000	-0.297821	-0.299001
	215.943000	-0.297203	-0.298702
	216.048000	-0.300003	-0.300621
	216.155000	-0.299546	-0.299763
	216.261000	-0.297791	-0.299408
	216.366000	-0.296486	-0.297656
	216.473000	-0.298380	-0.298767
	216.577000	-0.298146	-0.298823
	216.682000	-0.298284	-0.299589
	216.786000	-0.296387	-0.298708
	216.890000	-0.298652	-0.298432
	216.996000	-0.298008	-0.298314
	217.100000	-0.298748	-0.299934
	217.203000	-0.296844	-0.299103
	217.309000	-0.295671	-0.296867
	217.414000	-0.299290	-0.298958
	217.521000	-0.296927	-0.299014
	217.629000	-0.297666	-0.297597
	217.739000	-0.294294	-0.295303
	217.844000	-0.298968	-0.300865
	217.950000	-0.296292	-0.297380
	218.054000	-0.299550	-0.299477
	218.159000	-0.296634	-0.297600
	218.263000	-0.299142	-0.300240
	218.372000	-0.295322	-0.295855
	218.480000	-0.298738	-0.300690
	218.584000	-0.298932	-0.300230
	218.690000	-0.296733	-0.297890
	218.795000	-0.299731	-0.300552
	218.898000	-0.296848	-0.297942
	219.004000	-0.298077	-0.299484
	219.108000	-0.296608	-0.297403
	219.213000	-0.299622	-0.299727
	219.317000	-0.297078	-0.298123
	219.423000	-0.297107	-0.298646
	219.532000	-0.299540	-0.299323
	219.641000	-0.298149	-0.299389
	219.750000	-0.298301	-0.298958
	219.861000	-0.296838	-0.298800
	219.968000	-0.298899	-0.300138
	220.076000	-0.298172	-0.298554
	220.180000	-0.296680	-0.297453
	220.285000	-0.298192	-0.300329
	220.390000	-0.300237	-0.301049
	220.494000	-0.298564	-0.298057
	220.600000	-0.297472	-0.298636
	220.705000	-0.297190	-0.299057
	220.813000	-0.298695	-0.299366
	220.917000	-0.295211	-0.295345
	221.027000	-0.296240	-0.298261
	221.136000	-0.296529	-0.296703
	221.239000	-0.301647	-0.302258
	221.348000	-0.296302	-0.296953
	221.451000	-0.297173	-0.298514
	221.559000	-0.297176	-0.297295
	221.665000	-0.296125	-0.298435
	221.776000	-0.298495	-0.298113
	221.883000	-0.298853	-0.299247
	221.988000	-0.299895	-0.301236
	222.096000	-0.297686	-0.298189
	222.201000	-0.298955	-0.299491
	222.309000	-0.295839	-0.297692
	222.416000	-0.299931	-0.300404
	222.523000	-0.300618	-0.302304
	222.630000	-0.296798	-0.298981
	222.736000	-0.297071	-0.296877
	222.843000	-0.298564	-0.299592
	222.946000	-0.300444	-0.302091
	223.052000	-0.296545	-0.297512
	223.156000	-0.297065	-0.297479
	223.262000	-0.300339	-0.301118
	223.366000	-0.297916	-0.299405
	223.471000	-0.294583	-0.295401
	223.574000	-0.299283	-0.299145
	223.680000	-0.298090	-0.299583
	223.789000	-0.299251	-0.300398
	223.896000	-0.296309	-0.296841
	224.004000	-0.299231	-0.299464
	224.115000	-0.298018	-0.298777
	224.225000	-0.296641	-0.297522
	224.331000	-0.296154	-0.298426
	224.440000	-0.296391	-0.296230
	224.549000	-0.296677	-0.298363
	224.657000	-0.297505	-0.299103
	224.760000	-0.296864	-0.297094
	224.868000	-0.296588	-0.298353
	224.973000	-0.294921	-0.296969
	225.077000	-0.297604	-0.298310
	225.185000	-0.298619	-0.299721
	225.294000	-0.295076	-0.296565
	225.399000	-0.297226	-0.297896
	225.503000	-0.298169	-0.298488
	225.606000	-0.296887	-0.298439
	225.711000	-0.295658	-0.297239
	225.817000	-0.296338	-0.297081
	225.929000	-0.296680	-0.297157
	226.034000	-0.297226	-0.299129
	226.141000	-0.299849	-0.299359
	226.248000	-0.296282	-0.298327
	226.355000	-0.297436	-0.299047
	226.460000	-0.295013	-0.296733
	226.564000	-0.297035	-0.297005
	226.670000	-0.294438	-0.296276
	226.776000	-0.294649	-0.295227
	226.881000	-0.293981	-0.294879
	226.987000	-0.297663	-0.298307
	227.093000	-0.299514	-0.301361
	227.200000	-0.297831	-0.299011
	227.304000	-0.297318	-0.297689
	227.409000	-0.297798	-0.298094
	227.514000	-0.296348	-0.297676
	227.622000	-0.298646	-0.298794
	227.729000	-0.297275	-0.298294
	227.835000	-0.295171	-0.297476
	227.945000	-0.299152	-0.299316
	228.049000	-0.298580	-0.300023
	228.153000	-0.299244	-0.300526
	228.257000	-0.298646	-0.299218
	228.362000	-0.296812	-0.297423
	228.468000	-0.295651	-0.296631
	228.572000	-0.297364	-0.299882
	228.678000	-0.294961	-0.295769
	228.783000	-0.296910	-0.296818
	228.887000	-0.299862	-0.300306
	228.993000	-0.299458	-0.301062
	229.101000	-0.298909	-0.299727
	229.210000	-0.299711	-0.300480
	229.318000	-0.298846	-0.300391
	229.428000	-0.299836	-0.299662
	229.531000	-0.296654	-0.298195
	229.636000	-0.294432	-0.296286
	229.739000	-0.298718	-0.300040
	229.845000	-0.297551	-0.298994
	229.950000	-0.296006	-0.297357
	230.059000	-0.296795	-0.297844
	230.168000	-0.298235	-0.299096
	230.273000	-0.297167	-0.298938
	230.380000	-0.299293	-0.301341
	230.488000	-0.301229	-0.301085
	230.593000	-0.298767	-0.300049
	230.702000	-0.297804	-0.299744
	230.811000	-0.298228	-0.299132
	230.923000	-0.295437	-0.296161
	231.034000	-0.296894	-0.299389
	231.142000	-0.296059	-0.297459
	231.246000	-0.296779	-0.297245
	231.350000	-0.297489	-0.298024
	231.455000	-0.296470	-0.298189
	231.562000	-0.297535	-0.297992
	231.671000	-0.293817	-0.295227
	231.775000	-0.297012	-0.298396
	231.883000	-0.298938	-0.300279
	231.988000	-0.296933	-0.297038
	232.096000	-0.300109	-0.302304
	232.204000	-0.299185	-0.298965
	232.315000	-0.295605	-0.297075
	232.420000	-0.296746	-0.298426
	232.527000	-0.298363	-0.298629
	232.637000	-0.296812	-0.298560
	232.739000	-0.294303	-0.295852
	232.844000	-0.298202	-0.299353
	232.948000	-0.297531	-0.297969
	233.057000	-0.296821	-0.298301
	233.163000	-0.298629	-0.300013
	233.268000	-0.295467	-0.296118
	233.373000	-0.294941	-0.295756
	233.480000	-0.296315	-0.298327
	233.589000	-0.299560	-0.299185
	233.696000	-0.298840	-0.300079
	233.802000	-0.293340	-0.295053
	233.909000	-0.298156	-0.298317
	234.014000	-0.294783	-0.295589
	234.119000	-0.297952	-0.300263
	234.228000	-0.297459	-0.297107
	234.338000	-0.296831	-0.298370
	234.443000	-0.296940	-0.297893
	234.548000	-0.298758	-0.299422
	234.653000	-0.298061	-0.298205
	234.757000	-0.294915	-0.296420
	234.861000	-0.293245	-0.295677
	234.967000	-0.297995	-0.298028
	235.073000	-0.301006	-0.301016
	235.179000	-0.297005	-0.299096
	235.283000	-0.295799	-0.298094
	235.386000	-0.298915	-0.299553
	235.494000	-0.297768	-0.298633
	235.604000	-0.297117	-0.298508
	235.710000	-0.296927	-0.296877
	235.816000	-0.295687	-0.296802
	235.919000	-0.298031	-0.299895
	236.025000	-0.298541	-0.299800
	236.130000	-0.296177	-0.296535
	236.236000	-0.296266	-0.296125
	236.341000	-0.296434	-0.298264
	236.446000	-0.297551	-0.298370
	236.553000	-0.297482	-0.298458
	236.658000	-0.298212	-0.299044
	236.764000	-0.295201	-0.296716
	236.870000	-0.294829	-0.295119
	236.974000	-0.297094	-0.297781
	237.079000	-0.299481	-0.300460
	237.185000	-0.297870	-0.299619
	237.288000	-0.296483	-0.297735
	237.394000	-0.295467	-0.295885
	237.500000	-0.293564	-0.295424
	237.606000	-0.296795	-0.298373
	237.709000	-0.297193	-0.298416
	237.814000	-0.296877	-0.296795
	237.918000	-0.298077	-0.299376
	238.023000	-0.293771	-0.295763
	238.127000	-0.295013	-0.295244
	238.231000	-0.297900	-0.298001
	238.338000	-0.297032	-0.297965
	238.443000	-0.297124	-0.298840
	238.551000	-0.297834	-0.298100
	238.655000	-0.296009	-0.296519
	238.759000	-0.294938	-0.295750
	238.864000	-0.298462	-0.299527
	238.969000	-0.297617	-0.298771
	239.075000	-0.295296	-0.296046
	239.182000	-0.293863	-0.294954
	239.287000	-0.293639	-0.294629
	239.392000	-0.294458	-0.294409
	239.499000	-0.298902	-0.299928
	239.605000	-0.298054	-0.300033
	239.715000	-0.299648	-0.299921
	239.820000	-0.295372	-0.296752
	239.926000	-0.298712	-0.299901
	240.030000	-0.298518	-0.299402
	240.134000	-0.296900	-0.297370
	240.240000	-0.297637	-0.298103
	240.345000	-0.296161	-0.297896
	240.449000	-0.296917	-0.298117
	240.556000	-0.299280	-0.299619
	240.662000	-0.298087	-0.300082
	240.769000	-0.297791	-0.299379
	240.878000	-0.297788	-0.299382
	240.980000	-0.296157	-0.297318
	241.084000	-0.294132	-0.295687
	241.189000	-0.294616	-0.296023
	241.299000	-0.297936	-0.296913
	241.404000	-0.296226	-0.298281
	241.508000	-0.295336	-0.296821
	241.613000	-0.295510	-0.296779
	241.718000	-0.296420	-0.296644
	241.823000	-0.294583	-0.295612
	241.927000	-0.296936	-0.297870
	242.030000	-0.297985	-0.299685
	242.133000	-0.296785	-0.296420
	242.240000	-0.292410	-0.294093
	242.344000	-0.296545	-0.296634
	242.449000	-0.298278	-0.300273
	242.553000	-0.297413	-0.298504
	242.660000	-0.295931	-0.297765
	242.769000	-0.298554	-0.299037
	242.872000	-0.298212	-0.299665
	242.976000	-0.295227	-0.296279
	243.080000	-0.297337	-0.298353
	243.185000	-0.297824	-0.299382
	243.294000	-0.298251	-0.299076
	243.399000	-0.297739	-0.298475
	243.504000	-0.294425	-0.295546
	243.608000	-0.295250	-0.296706
	243.717000	-0.295608	-0.296410
	243.821000	-0.294639	-0.294879
	243.928000	-0.297656	-0.299724
	244.034000	-0.299412	-0.300792
	244.138000	-0.294987	-0.295414
	244.245000	-0.295165	-0.297259
	244.351000	-0.297239	-0.298820
	244.455000	-0.295602	-0.296171
	244.562000	-0.296197	-0.296677
	244.668000	-0.296647	-0.298172
	244.773000	-0.296664	-0.297416
	244.879000	-0.297942	-0.298094
	244.984000	-0.294129	-0.295602
	245.090000	-0.297462	-0.298843
	245.195000	-0.296121	-0.298097
	245.300000	-0.297318	-0.298044
	245.405000	-0.296180	-0.296361
	245.510000	-0.295687	-0.297794
	245.619000	-0.295493	-0.295641
	245.726000	-0.296719	-0.297012
	245.831000	-0.295339	-0.297407
	245.935000	-0.296042	-0.296808
	246.045000	-0.296733	-0.297268
	246.150000	-0.296026	-0.297022
	246.254000	-0.297633	-0.298876
	246.361000	-0.295710	-0.295931
	246.466000	-0.296180	-0.296762
	246.571000	-0.294941	-0.296496
	246.678000	-0.295076	-0.295549
	246.786000	-0.296305	-0.297328
	246.890000	-0.295848	-0.297669
	246.996000	-0.297719	-0.299685
	247.101000	-0.295990	-0.296904
	247.205000	-0.297393	-0.298692
	247.314000	-0.295184	-0.296785
	247.423000	-0.298287	-0.298804
	247.526000	-0.296710	-0.297515
	247.632000	-0.296049	-0.297860
	247.736000	-0.295007	-0.296115
	247.841000	-0.296618	-0.296739
	247.948000	-0.297716	-0.298261
	248.053000	-0.292729	-0.295523
	248.160000	-0.294044	-0.294724
	248.265000	-0.297600	-0.298163
	248.370000	-0.298179	-0.298481
	248.476000	-0.294267	-0.295822
	248.579000	-0.293958	-0.295553
	248.684000	-0.297370	-0.296368
	248.793000	-0.296733	-0.297906
	248.898000	-0.295921	-0.297729
	249.002000	-0.298380	-0.299136
	249.106000	-0.296950	-0.296489
	249.214000	-0.295000	-0.296861
	249.320000	-0.295618	-0.297525
	249.428000	-0.298179	-0.298899
	249.532000	-0.292758	-0.293870
	249.636000	-0.295267	-0.297140
	249.741000	-0.295921	-0.296940
	249.844000	-0.299030	-0.299149
	249.949000	-0.296190	-0.296437
	250.054000	-0.297416	-0.299336
	250.161000	-0.296752	-0.298728
	250.265000	-0.293761	-0.294573
	250.369000	-0.296046	-0.296164
	250.474000	-0.295240	-0.296532
	250.581000	-0.298787	-0.299826
	250.684000	-0.296046	-0.296900
	250.790000	-0.298718	-0.298577
	250.896000	-0.294129	-0.295549
	251.000000	-0.297712	-0.298951
	251.104000	-0.293948	-0.294833
	251.208000	-0.294455	-0.294478
	251.314000	-0.296486	-0.297827
	251.418000	-0.296023	-0.296825
	251.523000	-0.300388	-0.301578
	251.629000	-0.299418	-0.300118
	251.740000	-0.294070	-0.295562
	251.845000	-0.295799	-0.296394
	251.951000	-0.298679	-0.299057
	252.055000	-0.298810	-0.300549
	252.159000	-0.296611	-0.298577
	252.264000	-0.296726	-0.297512
	252.367000	-0.297844	-0.298080
	252.471000	-0.297716	-0.297692
	252.576000	-0.295543	-0.296384
	252.680000	-0.296476	-0.298034
	252.786000	-0.294481	-0.295477
	252.889000	-0.294353	-0.294257
	252.993000	-0.295270	-0.295303
	253.097000	-0.292443	-0.293768
	253.200000	-0.296223	-0.297410
	253.305000	-0.294958	-0.295250
	253.415000	-0.296217	-0.298176
	253.519000	-0.293449	-0.295973
	253.622000	-0.295276	-0.296286
	253.728000	-0.295500	-0.296055
	253.837000	-0.295198	-0.297226
	253.947000	-0.296266	-0.296217
	254.051000	-0.296756	-0.297831
	254.155000	-0.294898	-0.296295
	254.260000	-0.297485	-0.299283
	254.369000	-0.297768	-0.298034
	254.474000	-0.293288	-0.294497
	254.581000	-0.295917	-0.298034
	254.692000	-0.296999	-0.297485
	254.802000	-0.298804	-0.300953
	254.908000	-0.296194	-0.296203
	255.011000	-0.295796	-0.296575
	255.118000	-0.295322	-0.297978
	255.229000	-0.297170	-0.296713
	255.336000	-0.296953	-0.297831
	255.443000	-0.294895	-0.297114
	255.546000	-0.294971	-0.296733
	255.650000	-0.295848	-0.296085
	255.756000	-0.296016	-0.296775
	255.861000	-0.293902	-0.295917
	255.966000	-0.294060	-0.295773
	256.072000	-0.294395	-0.294704
	256.178000	-0.295875	-0.297324
	256.285000	-0.298754	-0.300250
	256.389000	-0.296062	-0.297729
	256.493000	-0.295842	-0.296102
	256.597000	-0.295484	-0.295549
	256.703000	-0.292979	-0.296016
	256.808000	-0.297370	-0.298560
	256.911000	-0.295069	-0.295608
	257.019000	-0.294813	-0.295010
	257.125000	-0.296315	-0.298389
	257.231000	-0.298018	-0.298406
	257.337000	-0.296986	-0.297199
	257.443000	-0.296759	-0.298130
	257.548000	-0.295645	-0.297147
	257.652000	-0.291808	-0.293810
	257.757000	-0.295105	-0.295352
	257.862000	-0.297528	-0.299484
	257.971000	-0.295447	-0.296473
	258.081000	-0.296207	-0.297420
	258.186000	-0.294086	-0.295743
	258.294000	-0.297610	-0.297574
	258.400000	-0.295500	-0.296959
	258.508000	-0.297913	-0.299339
	258.611000	-0.297262	-0.298179
	258.718000	-0.294553	-0.295280
	258.822000	-0.295835	-0.297265
	258.927000	-0.296535	-0.298797
	259.032000	-0.294395	-0.295865
	259.136000	-0.296927	-0.297163
	259.242000	-0.295931	-0.297121
	259.346000	-0.295937	-0.297804
	259.451000	-0.294287	-0.294928
	259.558000	-0.295625	-0.296059
	259.663000	-0.295888	-0.296624
	259.769000	-0.298110	-0.300026
	259.876000	-0.296358	-0.296549
	259.980000	-0.294593	-0.295283
	260.088000	-0.297482	-0.299392
	260.195000	-0.295894	-0.296677
	260.301000	-0.293012	-0.293541
