	2.332000	-0.297383	-0.300858
	2.440000	-0.297867	-0.298600
	2.552000	-0.297817	-0.299145
	2.663000	-0.297229	-0.298314
	2.774000	-0.298057	-0.298422
	2.885000	-0.297045	-0.297762
	2.995000	-0.297065	-0.298278
	3.105000	-0.298044	-0.298698
	3.216000	-0.297229	-0.298274
	3.320000	-0.296644	-0.297581
	3.424000	-0.297577	-0.298225
	3.530000	-0.297443	-0.298689
	3.641000	-0.296351	-0.297321
	3.750000	-0.295766	-0.297196
	3.860000	-0.297617	-0.298547
	3.968000	-0.297150	-0.297995
	4.074000	-0.296769	-0.298215
	4.185000	-0.296535	-0.297863
	4.293000	-0.297518	-0.298679
	4.399000	-0.296749	-0.297863
	4.509000	-0.296825	-0.298472
	4.617000	-0.296966	-0.297689
	4.728000	-0.297502	-0.297985
	4.839000	-0.296950	-0.298146
	4.947000	-0.296358	-0.297285
	5.057000	-0.295904	-0.296923
	5.168000	-0.296000	-0.297173
	5.280000	-0.296131	-0.297058
	5.386000	-0.297587	-0.299228
	5.491000	-0.297380	-0.297893
	5.597000	-0.296480	-0.297972
	5.709000	-0.297643	-0.298695
	5.819000	-0.297216	-0.298458
	5.928000	-0.296486	-0.297686
	6.039000	-0.296499	-0.297683
	6.149000	-0.297620	-0.298928
	6.259000	-0.296595	-0.297305
	6.365000	-0.300082	-0.300960
	6.474000	-0.299418	-0.300759
	6.586000	-0.297610	-0.298731
	6.697000	-0.296650	-0.297416
	6.809000	-0.296821	-0.298077
	6.920000	-0.296059	-0.297508
	7.031000	-0.296867	-0.297890
	7.143000	-0.296338	-0.297630
	7.254000	-0.298143	-0.298859
	7.363000	-0.296992	-0.298432
	7.472000	-0.296253	-0.297538
	7.583000	-0.297377	-0.297696
	7.688000	-0.297660	-0.298823
	7.798000	-0.296992	-0.297712
	7.907000	-0.295845	-0.297245
	8.019000	-0.298248	-0.299241
	8.131000	-0.297722	-0.298485
	8.242000	-0.296844	-0.297860
	8.352000	-0.295829	-0.296930
	8.461000	-0.298251	-0.299320
	8.566000	-0.296739	-0.297107
	8.675000	-0.297272	-0.298896
	8.784000	-0.296503	-0.297965
	8.895000	-0.296861	-0.297890
	9.004000	-0.297170	-0.298452
	9.114000	-0.297295	-0.298232
	9.226000	-0.297051	-0.297952
	9.338000	-0.295753	-0.296808
	9.449000	-0.296618	-0.297873
	9.555000	-0.296361	-0.298337
	9.665000	-0.296920	-0.298156
	9.770000	-0.296003	-0.297213
	9.882000	-0.297278	-0.298301
	9.993000	-0.296243	-0.297472
	10.100000	-0.296979	-0.297791
	10.210000	-0.298278	-0.298807
	10.321000	-0.296739	-0.297732
	10.427000	-0.296532	-0.297515
	10.538000	-0.296627	-0.297574
	10.648000	-0.296410	-0.297308
	10.760000	-0.296473	-0.297255
	10.868000	-0.297666	-0.299267
	10.979000	-0.295996	-0.296887
	11.089000	-0.297548	-0.298498
	11.193000	-0.296470	-0.297213
	11.300000	-0.296115	-0.297370
	11.410000	-0.297134	-0.298481
	11.522000	-0.296683	-0.297525
	11.631000	-0.297104	-0.297745
	11.739000	-0.296950	-0.298340
	11.843000	-0.297541	-0.298583
	11.946000	-0.296966	-0.297692
	12.053000	-0.296920	-0.297295
	12.164000	-0.296673	-0.297683
	12.275000	-0.296177	-0.297160
	12.386000	-0.296716	-0.297594
	12.496000	-0.296526	-0.297420
	12.606000	-0.296992	-0.298001
	12.717000	-0.297354	-0.297913
	12.829000	-0.296973	-0.298087
	12.938000	-0.295825	-0.297347
	13.040000	-0.297443	-0.298146
	13.145000	-0.297811	-0.298942
	13.256000	-0.297051	-0.297886
	13.364000	-0.296236	-0.297942
	13.473000	-0.297055	-0.298330
	13.583000	-0.297206	-0.297121
	13.695000	-0.296526	-0.297278
	13.806000	-0.296476	-0.297137
	13.912000	-0.295967	-0.297150
	14.022000	-0.296844	-0.298186
	14.131000	-0.297216	-0.298057
	14.236000	-0.296312	-0.296595
	14.341000	-0.296759	-0.297988
	14.452000	-0.295270	-0.297065
	14.562000	-0.296927	-0.297762
	14.671000	-0.295484	-0.296171
	14.778000	-0.296263	-0.297206
	14.890000	-0.296036	-0.296864
	15.002000	-0.297492	-0.298064
	15.112000	-0.296864	-0.297170
	15.222000	-0.294744	-0.296003
	15.325000	-0.295845	-0.297301
	15.431000	-0.296302	-0.296595
	15.536000	-0.295434	-0.296578
	15.647000	-0.296910	-0.298140
	15.755000	-0.296509	-0.297623
	15.866000	-0.296647	-0.297965
	15.973000	-0.297318	-0.298376
	16.084000	-0.296246	-0.297610
	16.193000	-0.296125	-0.297150
	16.299000	-0.296552	-0.297663
	16.407000	-0.296851	-0.297679
	16.518000	-0.295786	-0.296973
	16.630000	-0.296779	-0.297811
	16.743000	-0.296197	-0.296558
	16.854000	-0.297153	-0.297860
	16.964000	-0.296821	-0.297847
	17.074000	-0.295631	-0.296581
	17.185000	-0.295635	-0.296282
	17.294000	-0.297186	-0.298103
	17.403000	-0.296246	-0.297173
	17.511000	-0.296036	-0.297101
	17.622000	-0.297423	-0.298008
	17.732000	-0.296473	-0.297689
	17.837000	-0.295779	-0.297055
	17.946000	-0.296397	-0.297255
	18.054000	-0.296039	-0.296657
	18.165000	-0.295566	-0.297153
	18.275000	-0.296364	-0.297068
	18.385000	-0.297298	-0.298225
	18.496000	-0.297308	-0.298301
	18.607000	-0.297988	-0.298899
	18.719000	-0.297453	-0.298389
	18.831000	-0.295842	-0.296700
	18.939000	-0.297002	-0.298130
	19.050000	-0.296522	-0.297886
	19.161000	-0.297564	-0.298350
	19.271000	-0.296236	-0.297512
	19.378000	-0.296230	-0.297633
	19.491000	-0.296233	-0.297351
	19.600000	-0.295898	-0.297298
	19.712000	-0.297860	-0.298590
	19.822000	-0.296936	-0.298080
	19.930000	-0.297104	-0.298521
	20.035000	-0.296792	-0.298120
	20.146000	-0.295562	-0.296078
	20.257000	-0.296036	-0.296913
	20.363000	-0.296733	-0.297742
	20.473000	-0.295181	-0.296453
	20.582000	-0.296164	-0.297032
	20.693000	-0.297275	-0.297725
	20.804000	-0.295477	-0.296950
	20.914000	-0.296236	-0.296943
	21.023000	-0.294675	-0.295175
	21.135000	-0.294563	-0.295793
	21.245000	-0.296131	-0.297663
	21.352000	-0.294379	-0.295135
	21.456000	-0.296381	-0.297867
	21.567000	-0.295447	-0.296404
	21.676000	-0.296785	-0.297347
	21.787000	-0.297676	-0.297850
	21.899000	-0.297042	-0.298235
	22.006000	-0.295467	-0.296779
	22.112000	-0.297528	-0.298307
	22.222000	-0.297377	-0.298455
	22.330000	-0.295878	-0.297367
	22.440000	-0.296302	-0.297268
	22.551000	-0.295839	-0.297314
	22.659000	-0.296000	-0.296729
	22.770000	-0.298245	-0.298531
	22.881000	-0.296588	-0.298090
	22.993000	-0.295901	-0.295911
	23.105000	-0.296134	-0.297012
	23.216000	-0.296447	-0.297140
	23.325000	-0.297038	-0.298159
	23.436000	-0.296496	-0.297729
	23.542000	-0.296703	-0.297551
	23.652000	-0.295493	-0.297265
	23.762000	-0.295947	-0.297140
	23.872000	-0.295526	-0.296282
	23.983000	-0.296417	-0.297351
	24.091000	-0.297180	-0.297453
	24.195000	-0.296348	-0.297699
	24.306000	-0.296318	-0.297081
	24.418000	-0.294964	-0.296716
	24.528000	-0.298491	-0.298955
	24.635000	-0.296410	-0.297926
	24.746000	-0.296759	-0.298048
	24.857000	-0.296335	-0.296716
	24.969000	-0.296489	-0.297702
	25.080000	-0.296325	-0.297285
	25.190000	-0.295944	-0.297416
	25.298000	-0.296752	-0.297535
	25.410000	-0.296476	-0.297775
	25.522000	-0.295661	-0.297449
	25.633000	-0.296703	-0.297403
	25.745000	-0.296864	-0.297410
	25.856000	-0.295411	-0.296240
	25.967000	-0.295779	-0.296835
	26.077000	-0.296424	-0.297180
	26.186000	-0.295579	-0.297173
	26.290000	-0.294987	-0.296838
	26.403000	-0.296335	-0.296923
	26.514000	-0.295027	-0.295957
	26.625000	-0.295434	-0.296384
	26.736000	-0.295115	-0.296384
	26.847000	-0.296358	-0.296483
	26.959000	-0.296108	-0.297078
	27.072000	-0.294691	-0.295908
	27.180000	-0.295697	-0.296493
	27.292000	-0.295089	-0.295937
	27.403000	-0.294787	-0.295871
	27.514000	-0.295766	-0.296887
	27.624000	-0.295852	-0.296361
	27.735000	-0.296141	-0.297370
	27.846000	-0.296818	-0.298097
	27.958000	-0.295793	-0.296305
	28.070000	-0.296355	-0.297268
	28.181000	-0.296657	-0.297571
	28.291000	-0.296943	-0.297722
	28.400000	-0.295681	-0.297170
	28.512000	-0.295135	-0.296522
	28.623000	-0.296503	-0.297426
	28.734000	-0.297088	-0.297926
	28.845000	-0.294129	-0.295280
	28.957000	-0.295444	-0.296194
	29.069000	-0.295036	-0.296292
	29.176000	-0.295138	-0.296637
	29.286000	-0.294872	-0.295349
	29.397000	-0.295950	-0.297091
	29.509000	-0.296414	-0.297466
	29.620000	-0.296154	-0.296946
	29.729000	-0.297134	-0.298498
	29.841000	-0.296282	-0.296460
	29.951000	-0.296496	-0.297459
	30.062000	-0.296253	-0.297630
	30.171000	-0.295221	-0.296194
	30.281000	-0.294944	-0.295648
	30.387000	-0.295881	-0.297101
	30.497000	-0.295954	-0.297104
	30.606000	-0.296848	-0.297466
	30.717000	-0.295234	-0.295674
	30.826000	-0.295359	-0.295503
	30.938000	-0.295812	-0.296838
	31.049000	-0.294750	-0.296322
	31.159000	-0.295618	-0.296555
	31.267000	-0.294557	-0.295411
	31.378000	-0.294767	-0.296055
	31.489000	-0.296200	-0.297019
	31.599000	-0.296197	-0.297489
	31.711000	-0.296986	-0.297502
	31.822000	-0.295658	-0.295904
	31.935000	-0.295700	-0.296404
	32.045000	-0.295835	-0.297199
	32.157000	-0.295372	-0.296881
	32.266000	-0.295691	-0.296539
	32.373000	-0.295543	-0.296992
	32.479000	-0.296154	-0.296657
	32.591000	-0.294783	-0.295769
	32.699000	-0.295576	-0.296927
	32.811000	-0.294990	-0.295766
	32.921000	-0.295270	-0.296108
	33.032000	-0.294951	-0.295470
	33.142000	-0.295608	-0.296315
	33.252000	-0.295783	-0.296742
	33.362000	-0.295474	-0.296733
	33.469000	-0.296157	-0.296723
	33.582000	-0.295661	-0.296578
	33.694000	-0.295674	-0.296910
	33.803000	-0.296680	-0.298577
	33.914000	-0.296226	-0.297367
	34.025000	-0.295368	-0.296802
	34.135000	-0.295789	-0.297104
	34.247000	-0.296125	-0.297285
	34.356000	-0.295063	-0.295858
	34.461000	-0.295986	-0.296650
	34.569000	-0.295977	-0.297048
	34.676000	-0.295980	-0.296884
	34.788000	-0.295102	-0.296246
	34.899000	-0.296052	-0.296792
	35.011000	-0.296263	-0.297028
	35.119000	-0.295825	-0.296180
	35.230000	-0.295270	-0.296624
	35.340000	-0.295313	-0.296230
	35.448000	-0.294488	-0.295480
	35.558000	-0.295723	-0.296618
	35.668000	-0.295290	-0.297147
	35.777000	-0.295520	-0.296476
	35.881000	-0.295211	-0.296976
	35.992000	-0.295733	-0.296447
	36.104000	-0.294376	-0.296085
	36.213000	-0.293528	-0.295099
	36.324000	-0.295536	-0.296440
	36.434000	-0.295960	-0.297337
	36.538000	-0.294662	-0.295530
	36.649000	-0.294326	-0.295661
	36.760000	-0.295526	-0.296407
	36.872000	-0.294685	-0.295622
	36.984000	-0.296203	-0.297420
	37.094000	-0.295963	-0.297216
	37.204000	-0.296105	-0.297492
	37.315000	-0.297476	-0.297929
	37.426000	-0.296065	-0.296752
	37.537000	-0.295382	-0.296894
	37.646000	-0.294793	-0.295355
	37.753000	-0.295950	-0.296565
	37.865000	-0.294159	-0.295937
	37.976000	-0.295996	-0.297015
	38.086000	-0.296312	-0.297495
	38.195000	-0.295395	-0.296374
	38.306000	-0.295901	-0.297472
	38.418000	-0.296542	-0.297699
	38.527000	-0.296282	-0.297430
	38.632000	-0.296003	-0.297180
	38.743000	-0.296470	-0.297946
	38.851000	-0.295839	-0.296719
	38.959000	-0.296466	-0.297683
	39.069000	-0.295474	-0.295894
	39.180000	-0.296131	-0.296936
	39.292000	-0.295132	-0.296144
	39.399000	-0.297032	-0.297564
	39.512000	-0.295911	-0.297623
	39.623000	-0.296374	-0.296881
	39.730000	-0.297081	-0.297548
	39.840000	-0.296710	-0.298271
	39.952000	-0.295806	-0.297199
	40.065000	-0.294810	-0.295947
	40.176000	-0.296618	-0.296858
	40.286000	-0.295704	-0.296397
	40.392000	-0.296982	-0.297831
	40.496000	-0.296059	-0.296835
	40.606000	-0.295674	-0.296424
	40.710000	-0.295020	-0.295921
	40.822000	-0.296401	-0.297321
	40.933000	-0.294678	-0.296036
	41.044000	-0.294708	-0.295737
	41.153000	-0.295592	-0.296808
	41.263000	-0.295536	-0.297239
	41.375000	-0.293896	-0.295385
	41.486000	-0.295004	-0.295599
	41.597000	-0.296026	-0.296670
	41.707000	-0.295516	-0.296848
	41.817000	-0.295740	-0.297084
	41.928000	-0.294961	-0.296476
	42.036000	-0.295618	-0.296161
	42.147000	-0.296387	-0.297354
	42.255000	-0.295480	-0.296864
	42.366000	-0.295484	-0.296263
	42.476000	-0.294862	-0.296078
	42.586000	-0.295898	-0.297091
	42.696000	-0.294438	-0.295855
	42.803000	-0.295293	-0.296450
	42.913000	-0.293814	-0.294964
	43.023000	-0.295030	-0.295835
	43.136000	-0.293337	-0.294573
	43.244000	-0.295250	-0.296512
	43.354000	-0.295017	-0.296072
	43.460000	-0.293994	-0.294481
	43.572000	-0.294205	-0.295454
	43.683000	-0.295441	-0.296361
	43.793000	-0.294379	-0.295835
	43.905000	-0.295145	-0.296065
	44.013000	-0.295004	-0.295963
	44.123000	-0.294392	-0.295832
	44.234000	-0.294494	-0.295437
	44.343000	-0.293449	-0.294757
	44.453000	-0.294750	-0.295957
	44.562000	-0.294974	-0.295526
	44.670000	-0.293823	-0.295822
	44.781000	-0.294971	-0.296148
	44.891000	-0.294866	-0.295168
	45.001000	-0.295059	-0.296243
	45.113000	-0.294688	-0.295391
	45.221000	-0.294448	-0.295145
	45.330000	-0.295036	-0.296046
	45.440000	-0.295280	-0.295700
	45.549000	-0.295503	-0.296197
	45.656000	-0.294376	-0.295835
	45.767000	-0.295099	-0.296055
	45.875000	-0.294557	-0.295079
	45.986000	-0.293823	-0.294527
	46.098000	-0.295507	-0.296121
	46.208000	-0.293567	-0.294405
	46.319000	-0.294915	-0.295615
	46.428000	-0.295175	-0.296289
	46.541000	-0.294080	-0.294655
	46.653000	-0.295273	-0.295875
	46.763000	-0.295290	-0.296401
	46.869000	-0.294928	-0.295904
	46.977000	-0.295345	-0.296526
	47.088000	-0.295543	-0.296650
	47.197000	-0.294859	-0.295871
	47.308000	-0.295273	-0.296128
	47.415000	-0.295444	-0.296493
	47.526000	-0.295881	-0.296532
	47.636000	-0.295447	-0.296664
	47.747000	-0.294905	-0.296098
	47.860000	-0.295046	-0.296082
	47.969000	-0.295674	-0.296726
	48.078000	-0.294612	-0.296315
	48.187000	-0.295651	-0.296506
	48.298000	-0.295023	-0.296266
	48.408000	-0.295500	-0.296657
	48.514000	-0.295444	-0.296568
	48.624000	-0.294744	-0.296397
	48.733000	-0.295786	-0.296703
	48.843000	-0.295023	-0.295671
	48.948000	-0.293580	-0.294954
	49.059000	-0.295447	-0.296249
	49.168000	-0.295582	-0.297170
	49.276000	-0.295612	-0.296710
	49.388000	-0.295937	-0.296588
	49.499000	-0.296102	-0.296716
	49.609000	-0.294655	-0.295937
	49.717000	-0.295924	-0.296588
	49.828000	-0.293501	-0.295221
	49.938000	-0.294928	-0.295806
	50.049000	-0.294935	-0.296670
	50.158000	-0.294915	-0.296276
	50.269000	-0.294787	-0.295155
	50.380000	-0.295368	-0.296480
	50.489000	-0.296078	-0.296368
	50.599000	-0.296194	-0.296769
	50.710000	-0.295520	-0.296927
	50.820000	-0.294806	-0.294889
	50.932000	-0.294169	-0.296000
	51.039000	-0.294280	-0.296440
	51.149000	-0.295276	-0.295559
	51.259000	-0.294764	-0.294856
	51.370000	-0.295963	-0.296710
	51.479000	-0.295756	-0.296601
	51.590000	-0.294034	-0.294997
	51.699000	-0.295345	-0.296723
	51.805000	-0.295760	-0.296604
	51.915000	-0.296009	-0.297035
	52.026000	-0.295760	-0.296102
	52.134000	-0.295441	-0.296690
	52.244000	-0.293929	-0.295493
	52.353000	-0.295447	-0.295760
	52.461000	-0.293452	-0.294461
	52.573000	-0.296927	-0.297114
	52.683000	-0.294372	-0.295382
	52.795000	-0.295493	-0.296762
	52.905000	-0.295178	-0.296286
	53.016000	-0.294961	-0.295937
	53.127000	-0.295000	-0.296447
	53.236000	-0.294849	-0.295957
	53.344000	-0.294412	-0.295414
	53.453000	-0.294497	-0.295109
	53.565000	-0.296046	-0.297170
	53.675000	-0.295789	-0.296516
	53.785000	-0.294958	-0.296371
	53.898000	-0.294428	-0.296279
	54.008000	-0.295664	-0.296506
	54.118000	-0.295408	-0.297002
	54.226000	-0.295063	-0.295812
	54.337000	-0.294290	-0.295457
	54.449000	-0.294675	-0.295424
	54.558000	-0.295437	-0.296759
	54.668000	-0.293922	-0.294977
	54.778000	-0.293827	-0.295099
	54.886000	-0.295418	-0.296992
	54.993000	-0.294520	-0.295464
	55.102000	-0.294984	-0.295852
	55.213000	-0.295769	-0.297038
	55.320000	-0.295388	-0.296220
	55.430000	-0.295523	-0.295737
	55.538000	-0.295431	-0.297137
	55.649000	-0.294580	-0.295885
	55.757000	-0.295145	-0.295944
	55.868000	-0.294126	-0.294885
	55.977000	-0.294238	-0.294757
	56.087000	-0.294958	-0.296243
	56.195000	-0.295398	-0.296213
	56.305000	-0.295181	-0.296407
	56.415000	-0.293886	-0.295513
	56.522000	-0.295267	-0.296407
	56.633000	-0.293889	-0.294570
	56.740000	-0.294603	-0.295168
	56.850000	-0.294951	-0.295434
	56.955000	-0.294024	-0.295283
	57.066000	-0.295582	-0.296404
	57.172000	-0.293886	-0.294425
	57.283000	-0.294303	-0.295553
	57.394000	-0.294021	-0.295188
	57.506000	-0.294409	-0.295487
	57.618000	-0.295789	-0.296700
	57.728000	-0.294823	-0.295983
	57.835000	-0.294267	-0.295207
	57.946000	-0.295963	-0.296476
	58.055000	-0.295405	-0.296263
	58.165000	-0.294990	-0.295822
	58.274000	-0.295142	-0.296276
	58.386000	-0.295763	-0.296877
	58.495000	-0.295122	-0.296555
	58.601000	-0.295405	-0.296233
	58.708000	-0.294474	-0.295214
	58.816000	-0.294231	-0.295454
	58.927000	-0.294612	-0.295441
	59.037000	-0.294497	-0.295155
	59.143000	-0.294399	-0.294849
	59.249000	-0.294918	-0.295802
	59.361000	-0.294244	-0.295888
	59.472000	-0.294172	-0.294971
	59.580000	-0.294672	-0.296417
	59.691000	-0.295470	-0.296450
	59.799000	-0.294369	-0.295710
	59.906000	-0.294524	-0.295858
	60.016000	-0.294737	-0.295829
	60.125000	-0.296016	-0.297173
	60.236000	-0.294356	-0.294839
	60.341000	-0.294409	-0.295263
	60.452000	-0.294405	-0.295161
	60.563000	-0.295020	-0.296072
	60.674000	-0.293771	-0.295267
	60.782000	-0.295152	-0.296279
	60.891000	-0.293607	-0.294954
	61.001000	-0.294783	-0.296013
	61.109000	-0.294086	-0.295339
	61.217000	-0.295562	-0.295977
	61.322000	-0.295707	-0.297104
	61.432000	-0.294136	-0.294948
	61.539000	-0.294040	-0.295211
	61.651000	-0.294320	-0.295497
	61.762000	-0.294629	-0.295832
	61.872000	-0.294557	-0.295050
	61.981000	-0.294211	-0.295000
	62.090000	-0.293590	-0.294994
	62.197000	-0.294050	-0.295155
	62.306000	-0.294793	-0.294872
	62.415000	-0.294136	-0.294234
	62.523000	-0.294833	-0.295842
	62.633000	-0.293991	-0.295217
	62.742000	-0.294908	-0.295355
	62.854000	-0.295349	-0.296460
	62.962000	-0.295336	-0.296670
	63.072000	-0.295096	-0.295773
	63.184000	-0.296608	-0.296854
	63.292000	-0.295497	-0.296703
	63.397000	-0.295382	-0.296601
	63.507000	-0.294231	-0.296092
	63.616000	-0.295201	-0.296118
	63.727000	-0.293879	-0.295625
	63.834000	-0.294931	-0.296069
	63.944000	-0.295040	-0.295648
	64.054000	-0.295007	-0.295470
	64.161000	-0.293741	-0.294892
	64.272000	-0.295628	-0.296785
	64.380000	-0.294928	-0.295937
	64.487000	-0.294524	-0.295306
	64.596000	-0.294882	-0.295247
	64.705000	-0.294317	-0.295050
	64.817000	-0.294573	-0.295779
	64.927000	-0.294310	-0.295451
	65.033000	-0.294856	-0.295546
	65.140000	-0.296092	-0.296529
	65.251000	-0.295911	-0.296667
	65.355000	-0.294458	-0.295319
	65.458000	-0.295694	-0.296578
	65.562000	-0.295414	-0.296223
	65.666000	-0.295129	-0.295881
	65.771000	-0.294616	-0.296059
	65.878000	-0.296946	-0.297268
	65.990000	-0.296871	-0.297416
	66.101000	-0.295921	-0.296923
	66.209000	-0.295855	-0.296434
	66.319000	-0.295530	-0.296194
	66.426000	-0.295878	-0.296927
	66.537000	-0.295007	-0.296299
	66.646000	-0.296032	-0.297466
	66.755000	-0.296200	-0.296818
	66.864000	-0.295615	-0.296726
	66.976000	-0.294435	-0.295303
	67.084000	-0.294349	-0.294961
	67.194000	-0.295129	-0.296545
	67.305000	-0.295513	-0.296884
	67.413000	-0.295023	-0.295921
	67.518000	-0.295000	-0.296269
	67.628000	-0.294363	-0.295293
	67.736000	-0.294652	-0.295625
	67.848000	-0.294849	-0.296180
	67.959000	-0.295237	-0.296082
	68.066000	-0.294754	-0.295119
	68.174000	-0.293182	-0.294586
	68.277000	-0.294086	-0.294540
	68.386000	-0.295372	-0.296157
	68.497000	-0.295954	-0.296861
	68.609000	-0.295707	-0.296430
	68.719000	-0.293912	-0.295612
	68.826000	-0.295359	-0.296726
	68.937000	-0.294833	-0.296157
	69.044000	-0.294547	-0.295470
	69.155000	-0.294202	-0.295046
	69.265000	-0.294672	-0.295753
	69.371000	-0.295280	-0.295737
	69.481000	-0.294649	-0.295845
	69.587000	-0.293633	-0.295168
	69.698000	-0.295214	-0.296762
	69.805000	-0.295237	-0.295911
	69.917000	-0.295852	-0.296752
	70.029000	-0.295059	-0.296647
	70.141000	-0.295934	-0.296687
	70.250000	-0.293814	-0.295487
	70.361000	-0.296151	-0.296851
	70.469000	-0.294912	-0.296085
	70.578000	-0.294550	-0.295040
	70.688000	-0.295257	-0.296742
	70.796000	-0.295546	-0.297071
	70.907000	-0.296187	-0.297219
	71.018000	-0.296062	-0.297130
	71.125000	-0.296404	-0.296917
	71.233000	-0.295250	-0.296516
	71.344000	-0.296364	-0.297318
	71.452000	-0.294958	-0.296105
	71.559000	-0.295562	-0.296723
	71.665000	-0.297002	-0.297804
	71.775000	-0.297229	-0.299339
	71.886000	-0.298616	-0.299721
	71.993000	-0.298488	-0.299783
	72.104000	-0.298508	-0.299126
	72.213000	-0.299034	-0.299846
	72.325000	-0.299681	-0.300930
	72.436000	-0.300181	-0.300986
	72.547000	-0.301611	-0.302186
	72.655000	-0.300704	-0.301874
	72.765000	-0.302143	-0.302452
	72.873000	-0.301979	-0.303231
	72.984000	-0.304349	-0.304993
	73.093000	-0.303780	-0.304678
	73.205000	-0.303540	-0.304218
	73.317000	-0.305480	-0.306210
	73.426000	-0.305795	-0.306229
	73.538000	-0.306788	-0.307143
	73.648000	-0.308902	-0.310102
	73.754000	-0.308705	-0.309668
	73.858000	-0.308080	-0.309398
	73.965000	-0.309671	-0.309957
	74.077000	-0.310010	-0.311725
	74.187000	-0.311581	-0.312518
	74.292000	-0.313760	-0.313961
	74.400000	-0.313832	-0.314746
	74.510000	-0.313514	-0.314944
	74.617000	-0.315364	-0.316419
	74.728000	-0.315917	-0.316258
	74.834000	-0.316268	-0.317550
	74.940000	-0.318050	-0.319260
	75.050000	-0.317734	-0.318888
	75.156000	-0.319309	-0.320157
	75.266000	-0.320285	-0.321478
	75.371000	-0.321485	-0.323188
	75.476000	-0.321334	-0.322984
	75.586000	-0.321613	-0.322961
	75.694000	-0.323349	-0.324562
	75.799000	-0.323842	-0.324821
	75.912000	-0.325315	-0.326261
	76.023000	-0.325509	-0.326357
	76.134000	-0.325827	-0.327570
	76.239000	-0.326827	-0.328220
	76.348000	-0.326528	-0.327796
	76.458000	-0.329006	-0.329798
	76.564000	-0.328257	-0.329216
	76.674000	-0.329660	-0.330531
	76.785000	-0.331093	-0.331652
	76.894000	-0.331794	-0.332895
	77.005000	-0.332260	-0.333526
	77.108000	-0.334206	-0.334828
	77.212000	-0.333815	-0.334818
	77.319000	-0.334808	-0.336001
	77.425000	-0.334752	-0.335597
	77.531000	-0.336343	-0.337050
	77.636000	-0.336027	-0.336731
	77.740000	-0.336843	-0.337967
	77.845000	-0.338253	-0.338654
	77.955000	-0.338404	-0.339890
	78.063000	-0.339318	-0.340094
	78.172000	-0.340196	-0.341172
	78.285000	-0.340498	-0.341040
	78.395000	-0.339423	-0.340929
	78.506000	-0.341987	-0.342444
	78.618000	-0.341704	-0.343101
	78.726000	-0.342309	-0.342944
	78.831000	-0.342188	-0.343078
	78.934000	-0.342861	-0.343059
	79.042000	-0.343512	-0.344120
	79.153000	-0.343841	-0.344341
	79.264000	-0.344558	-0.345787
	79.376000	-0.343887	-0.344696
	79.486000	-0.344771	-0.345481
	79.595000	-0.345218	-0.346471
	79.703000	-0.346359	-0.346481
	79.812000	-0.346872	-0.347759
	79.915000	-0.347187	-0.347493
	80.020000	-0.347299	-0.348236
	80.124000	-0.347690	-0.349327
	80.235000	-0.349449	-0.350593
	80.346000	-0.348847	-0.349544
	80.452000	-0.349922	-0.350665
	80.561000	-0.349643	-0.351171
	80.672000	-0.351270	-0.352148
	80.783000	-0.350458	-0.351964
	80.893000	-0.349975	-0.350826
	80.999000	-0.349705	-0.350287
	81.102000	-0.351497	-0.352398
	81.207000	-0.350639	-0.351878
	81.317000	-0.351313	-0.351852
	81.425000	-0.352365	-0.353837
	81.534000	-0.352838	-0.353801
	81.643000	-0.351293	-0.352259
	81.754000	-0.352266	-0.354074
	81.862000	-0.352112	-0.353127
	81.968000	-0.353864	-0.354873
	82.078000	-0.353413	-0.354344
	82.185000	-0.354922	-0.355810
	82.293000	-0.353009	-0.353939
	82.400000	-0.354537	-0.355188
	82.509000	-0.354501	-0.355701
	82.621000	-0.354807	-0.355714
	82.730000	-0.355951	-0.357259
	82.838000	-0.355586	-0.356710
	82.950000	-0.354564	-0.355451
	83.061000	-0.355303	-0.356207
	83.169000	-0.356059	-0.357259
	83.276000	-0.354985	-0.356145
	83.386000	-0.355649	-0.357187
	83.497000	-0.355737	-0.356733
	83.608000	-0.356056	-0.357075
	83.714000	-0.356967	-0.358328
	83.824000	-0.356740	-0.357739
	83.934000	-0.357572	-0.358222
	84.039000	-0.356671	-0.357621
	84.150000	-0.357305	-0.358393
	84.255000	-0.356654	-0.358370
	84.366000	-0.357973	-0.358038
	84.477000	-0.357424	-0.358144
	84.589000	-0.356086	-0.357282
	84.700000	-0.357637	-0.358604
	84.810000	-0.357512	-0.358397
	84.921000	-0.357131	-0.358134
	85.029000	-0.357680	-0.358429
	85.138000	-0.357641	-0.357996
	85.245000	-0.358706	-0.358998
	85.352000	-0.359133	-0.359593
	85.458000	-0.357805	-0.359278
	85.567000	-0.359938	-0.359955
	85.678000	-0.359389	-0.360116
	85.785000	-0.359251	-0.360201
	85.896000	-0.359945	-0.361174
	86.007000	-0.359143	-0.360254
	86.112000	-0.358985	-0.359978
	86.222000	-0.357404	-0.358489
	86.329000	-0.359297	-0.359932
	86.441000	-0.357690	-0.358808
	86.553000	-0.359971	-0.360757
	86.659000	-0.359186	-0.359932
	86.766000	-0.359442	-0.360721
	86.879000	-0.359379	-0.361020
	86.989000	-0.360445	-0.361766
	87.097000	-0.359524	-0.360461
	87.203000	-0.359264	-0.360168
	87.309000	-0.359261	-0.360343
	87.419000	-0.359932	-0.361477
	87.527000	-0.358476	-0.359521
	87.637000	-0.360159	-0.361197
	87.744000	-0.359422	-0.360671
	87.854000	-0.358939	-0.359429
	87.961000	-0.360254	-0.361161
	88.072000	-0.360136	-0.360882
	88.176000	-0.358236	-0.359734
	88.286000	-0.359133	-0.360306
	88.398000	-0.359813	-0.360537
	88.507000	-0.360550	-0.360865
	88.616000	-0.358748	-0.359899
	88.726000	-0.358758	-0.359810
	88.833000	-0.359360	-0.360136
	88.944000	-0.359090	-0.359708
	89.050000	-0.358880	-0.359958
	89.156000	-0.358643	-0.359544
	89.269000	-0.360090	-0.361013
	89.380000	-0.359695	-0.360793
	89.490000	-0.358571	-0.359679
	89.597000	-0.358252	-0.359544
	89.705000	-0.359698	-0.361204
	89.817000	-0.358962	-0.360237
	89.929000	-0.359330	-0.360625
	90.039000	-0.360218	-0.360638
	90.146000	-0.359005	-0.359462
	90.250000	-0.358936	-0.359511
	90.361000	-0.359738	-0.361105
	90.467000	-0.360714	-0.361717
	90.578000	-0.359981	-0.361707
	90.687000	-0.359146	-0.360306
	90.796000	-0.359577	-0.360826
	90.906000	-0.358821	-0.360316
	91.018000	-0.358955	-0.360333
	91.130000	-0.359061	-0.360323
	91.240000	-0.358988	-0.360441
	91.347000	-0.359429	-0.360842
	91.460000	-0.359166	-0.360665
	91.570000	-0.358522	-0.359511
	91.675000	-0.358022	-0.358722
	91.785000	-0.358646	-0.359527
	91.895000	-0.358416	-0.359636
	92.005000	-0.357713	-0.358995
	92.111000	-0.357943	-0.359449
	92.222000	-0.358130	-0.359192
	92.327000	-0.358097	-0.358495
	92.437000	-0.357512	-0.358038
	92.544000	-0.358719	-0.360178
	92.654000	-0.358117	-0.359426
	92.760000	-0.358535	-0.359928
	92.867000	-0.357197	-0.358351
	92.973000	-0.358429	-0.359435
	93.084000	-0.357775	-0.358880
	93.191000	-0.358107	-0.358798
	93.302000	-0.359324	-0.359797
	93.410000	-0.358347	-0.359613
	93.522000	-0.356697	-0.357963
	93.634000	-0.357371	-0.358209
	93.739000	-0.356980	-0.357963
	93.848000	-0.358245	-0.359294
	93.955000	-0.357115	-0.358860
	94.066000	-0.357161	-0.357825
	94.174000	-0.358167	-0.358650
	94.280000	-0.357391	-0.358081
	94.385000	-0.357147	-0.357782
	94.495000	-0.356848	-0.357927
	94.603000	-0.357085	-0.357900
	94.713000	-0.356378	-0.357838
	94.821000	-0.358791	-0.359343
	94.928000	-0.356326	-0.357762
	95.034000	-0.356845	-0.357917
	95.144000	-0.354613	-0.355218
	95.254000	-0.355846	-0.355990
	95.365000	-0.355428	-0.356641
	95.471000	-0.355172	-0.356112
	95.579000	-0.355603	-0.356871
	95.686000	-0.356480	-0.357276
	95.798000	-0.355208	-0.357220
	95.908000	-0.356894	-0.357358
	96.015000	-0.354893	-0.356585
	96.123000	-0.356020	-0.356599
	96.233000	-0.355889	-0.357016
	96.344000	-0.354166	-0.355859
	96.449000	-0.356270	-0.357187
	96.560000	-0.354551	-0.355537
	96.670000	-0.354386	-0.355833
	96.781000	-0.354455	-0.355011
	96.886000	-0.354998	-0.356112
	96.995000	-0.354633	-0.355441
	97.101000	-0.354570	-0.355905
	97.212000	-0.354452	-0.355432
	97.322000	-0.354577	-0.354600
	97.429000	-0.354390	-0.354623
	97.539000	-0.354669	-0.355626
	97.644000	-0.355389	-0.356444
	97.753000	-0.354189	-0.354577
	97.863000	-0.353541	-0.354166
	97.973000	-0.353910	-0.355175
	98.085000	-0.353775	-0.354896
	98.195000	-0.354794	-0.355284
	98.302000	-0.352598	-0.353798
	98.413000	-0.352999	-0.353811
	98.517000	-0.353226	-0.355031
	98.628000	-0.353361	-0.353949
	98.735000	-0.353873	-0.354777
	98.842000	-0.353453	-0.354255
	98.951000	-0.353209	-0.354850
	99.058000	-0.353016	-0.353989
	99.166000	-0.352026	-0.352822
	99.275000	-0.352444	-0.352979
	99.385000	-0.351970	-0.353180
	99.492000	-0.351980	-0.353167
	99.599000	-0.352762	-0.353916
	99.708000	-0.352644	-0.353657
	99.818000	-0.352476	-0.353466
	99.924000	-0.351572	-0.352358
	100.035000	-0.351977	-0.352575
	100.144000	-0.351556	-0.352575
	100.254000	-0.351454	-0.352693
	100.364000	-0.352687	-0.353272
	100.471000	-0.351908	-0.353298
	100.577000	-0.352631	-0.353331
	100.689000	-0.351937	-0.352582
	100.800000	-0.351832	-0.352342
	100.910000	-0.351332	-0.352493
	101.019000	-0.353279	-0.353660
	101.126000	-0.351286	-0.352927
	101.235000	-0.350741	-0.352151
	101.346000	-0.352503	-0.353246
	101.456000	-0.351395	-0.352776
	101.563000	-0.351066	-0.351924
	101.670000	-0.350557	-0.351306
	101.778000	-0.351484	-0.352631
	101.885000	-0.350823	-0.351382
	101.990000	-0.350021	-0.351116
	102.098000	-0.350281	-0.350557
	102.204000	-0.350889	-0.351727
	102.310000	-0.349975	-0.351217
	102.418000	-0.349656	-0.350912
	102.528000	-0.349715	-0.350409
	102.633000	-0.349807	-0.351336
	102.744000	-0.349541	-0.349735
	102.850000	-0.349475	-0.349975
	102.958000	-0.349538	-0.351375
	103.065000	-0.349669	-0.350468
	103.174000	-0.349035	-0.349883
	103.280000	-0.348262	-0.349189
	103.391000	-0.349350	-0.350195
	103.498000	-0.348824	-0.349817
	103.606000	-0.349022	-0.350659
	103.716000	-0.348466	-0.349649
	103.827000	-0.349485	-0.350432
	103.937000	-0.349561	-0.350369
	104.045000	-0.348676	-0.349686
	104.156000	-0.348492	-0.349656
	104.265000	-0.349899	-0.350580
	104.376000	-0.348815	-0.349778
	104.482000	-0.348861	-0.349400
	104.589000	-0.347480	-0.347858
	104.694000	-0.348824	-0.349610
	104.805000	-0.347631	-0.349097
	104.912000	-0.347125	-0.348197
	105.022000	-0.347072	-0.348466
	105.130000	-0.347529	-0.348857
	105.239000	-0.347536	-0.348512
	105.345000	-0.348552	-0.349048
	105.454000	-0.348525	-0.348933
	105.565000	-0.346924	-0.348354
	105.673000	-0.347648	-0.348778
	105.785000	-0.346507	-0.348006
	105.896000	-0.346750	-0.347582
	106.007000	-0.347181	-0.348216
	106.113000	-0.348012	-0.348900
	106.219000	-0.347210	-0.347661
	106.326000	-0.347020	-0.347684
	106.431000	-0.347247	-0.347713
	106.540000	-0.347539	-0.347947
	106.650000	-0.346267	-0.348012
	106.755000	-0.347270	-0.348009
	106.864000	-0.347013	-0.347694
	106.974000	-0.347812	-0.348348
	107.083000	-0.345784	-0.346898
	107.194000	-0.345761	-0.347388
	107.301000	-0.346704	-0.346901
	107.405000	-0.345340	-0.346178
	107.516000	-0.345162	-0.346655
	107.628000	-0.347187	-0.347855
	107.737000	-0.345478	-0.346428
	107.844000	-0.345692	-0.346415
	107.950000	-0.345057	-0.346211
	108.059000	-0.344212	-0.345616
	108.172000	-0.346855	-0.348736
	108.284000	-0.346057	-0.347148
	108.393000	-0.346270	-0.347030
	108.500000	-0.345580	-0.346767
	108.613000	-0.343779	-0.345143
	108.723000	-0.345139	-0.346155
	108.827000	-0.345754	-0.346451
	108.938000	-0.343969	-0.344801
	109.047000	-0.344048	-0.345103
	109.157000	-0.344643	-0.345994
	109.263000	-0.344926	-0.345564
	109.372000	-0.343759	-0.345494
	109.483000	-0.343696	-0.344245
	109.589000	-0.343571	-0.344745
	109.696000	-0.344551	-0.345396
	109.801000	-0.342944	-0.343864
	109.907000	-0.343391	-0.343470
	110.017000	-0.343401	-0.344117
	110.126000	-0.342947	-0.343999
	110.232000	-0.342359	-0.343854
	110.337000	-0.343848	-0.344314
	110.447000	-0.342796	-0.343792
	110.559000	-0.342967	-0.344147
	110.670000	-0.342572	-0.343262
	110.780000	-0.342720	-0.342891
	110.883000	-0.343506	-0.344236
	110.992000	-0.342260	-0.343003
	111.103000	-0.343430	-0.344765
	111.213000	-0.342513	-0.342983
	111.320000	-0.341579	-0.342980
	111.431000	-0.342618	-0.342970
	111.538000	-0.340922	-0.341990
	111.644000	-0.342355	-0.342602
	111.754000	-0.341155	-0.342506
	111.864000	-0.340915	-0.341957
	111.969000	-0.341662	-0.342313
	112.075000	-0.340541	-0.341501
	112.181000	-0.340633	-0.341409
	112.289000	-0.340317	-0.341178
	112.396000	-0.341293	-0.342451
	112.507000	-0.341879	-0.342707
	112.619000	-0.340564	-0.341208
	112.725000	-0.340685	-0.342240
	112.830000	-0.341142	-0.342559
	112.935000	-0.341136	-0.341737
	113.047000	-0.340041	-0.341106
	113.159000	-0.339512	-0.340347
	113.269000	-0.339942	-0.341280
	113.379000	-0.339558	-0.340560
	113.485000	-0.339926	-0.340554
	113.591000	-0.340255	-0.340531
	113.703000	-0.339479	-0.340814
	113.813000	-0.338654	-0.339699
	113.922000	-0.339969	-0.340251
	114.032000	-0.338782	-0.340511
	114.143000	-0.338989	-0.339781
	114.254000	-0.338927	-0.340380
	114.364000	-0.338088	-0.338608
	114.470000	-0.338467	-0.339627
	114.577000	-0.337747	-0.338519
	114.688000	-0.339699	-0.340725
	114.795000	-0.338539	-0.339351
	114.905000	-0.338716	-0.339453
	115.009000	-0.337947	-0.338621
	115.115000	-0.338585	-0.339150
	115.226000	-0.338838	-0.339992
	115.335000	-0.338480	-0.339042
	115.445000	-0.337835	-0.339048
	115.556000	-0.336908	-0.338394
	115.662000	-0.339127	-0.340005
	115.768000	-0.338335	-0.339328
	115.877000	-0.338204	-0.338568
	115.986000	-0.337447	-0.338335
	116.097000	-0.338822	-0.339788
	116.206000	-0.337520	-0.338805
	116.316000	-0.338158	-0.338654
	116.421000	-0.335978	-0.337855
	116.528000	-0.336419	-0.337490
	116.637000	-0.337918	-0.338917
	116.741000	-0.336225	-0.337355
	116.851000	-0.337342	-0.338223
	116.962000	-0.336047	-0.337326
	117.067000	-0.335505	-0.336330
	117.178000	-0.335455	-0.336494
	117.285000	-0.335495	-0.336810
	117.395000	-0.336885	-0.337799
	117.503000	-0.336060	-0.337441
	117.614000	-0.335508	-0.336905
	117.719000	-0.337286	-0.337477
	117.829000	-0.335528	-0.336382
	117.938000	-0.334496	-0.335258
	118.045000	-0.336087	-0.337020
	118.151000	-0.334683	-0.335824
	118.261000	-0.335153	-0.336737
	118.368000	-0.336261	-0.337474
	118.480000	-0.335054	-0.336300
	118.591000	-0.333782	-0.334325
	118.698000	-0.333638	-0.334959
	118.805000	-0.333920	-0.335317
	118.915000	-0.334170	-0.335212
	119.027000	-0.334374	-0.335429
	119.131000	-0.334443	-0.335442
	119.240000	-0.335649	-0.336830
	119.350000	-0.334565	-0.335896
	119.455000	-0.334611	-0.335199
	119.563000	-0.334627	-0.335265
	119.674000	-0.335058	-0.335781
	119.779000	-0.334381	-0.335485
	119.885000	-0.334782	-0.335548
	119.991000	-0.333907	-0.334772
	120.101000	-0.335508	-0.336330
	120.207000	-0.332882	-0.334397
	120.316000	-0.334108	-0.335347
	120.425000	-0.333309	-0.335245
	120.535000	-0.333069	-0.333743
	120.646000	-0.333085	-0.334127
	120.752000	-0.333408	-0.334601
	120.858000	-0.332809	-0.334354
	120.969000	-0.332898	-0.333549
	121.079000	-0.334364	-0.334999
	121.184000	-0.332497	-0.333519
	121.294000	-0.333473	-0.334407
	121.404000	-0.332343	-0.333253
	121.508000	-0.332185	-0.333250
	121.613000	-0.332681	-0.334045
	121.720000	-0.334565	-0.335278
	121.829000	-0.331784	-0.332924
	121.936000	-0.333434	-0.333999
	122.047000	-0.332898	-0.334081
	122.158000	-0.332905	-0.333293
	122.264000	-0.331994	-0.332507
	122.370000	-0.332014	-0.332967
	122.478000	-0.332451	-0.333634
	122.589000	-0.330653	-0.331728
	122.694000	-0.331442	-0.332392
	122.805000	-0.331649	-0.332293
	122.914000	-0.331905	-0.332609
	123.021000	-0.330936	-0.331425
	123.124000	-0.331895	-0.332773
	123.231000	-0.331764	-0.332461
	123.341000	-0.331212	-0.332431
	123.445000	-0.330640	-0.331721
	123.554000	-0.330380	-0.331590
	123.665000	-0.330383	-0.331577
	123.775000	-0.330778	-0.331688
	123.883000	-0.330840	-0.331780
	123.995000	-0.328976	-0.329535
	124.104000	-0.331143	-0.332359
	124.215000	-0.331179	-0.332037
	124.327000	-0.330482	-0.330985
	124.438000	-0.330890	-0.332273
	124.546000	-0.331031	-0.331836
	124.652000	-0.330137	-0.331448
	124.764000	-0.330216	-0.332185
	124.875000	-0.330045	-0.330719
	124.984000	-0.330535	-0.331590
	125.090000	-0.329180	-0.329795
	125.198000	-0.329588	-0.330824
	125.303000	-0.329276	-0.330153
	125.413000	-0.329131	-0.330281
	125.517000	-0.330492	-0.331623
	125.626000	-0.330761	-0.331471
	125.735000	-0.330143	-0.330643
	125.846000	-0.329463	-0.330466
	125.955000	-0.328999	-0.330844
	126.061000	-0.328467	-0.329295
	126.167000	-0.329437	-0.329831
	126.279000	-0.329249	-0.330107
	126.385000	-0.327764	-0.328664
	126.495000	-0.328983	-0.329433
	126.605000	-0.329164	-0.329949
	126.712000	-0.327517	-0.328812
	126.824000	-0.328980	-0.330216
	126.929000	-0.327757	-0.328763
	127.038000	-0.328227	-0.329095
	127.144000	-0.327579	-0.328674
	127.248000	-0.328257	-0.329644
	127.353000	-0.327431	-0.327780
	127.463000	-0.328125	-0.329424
	127.572000	-0.328760	-0.329742
	127.676000	-0.328089	-0.328990
	127.785000	-0.327740	-0.328651
	127.897000	-0.327195	-0.328457
	128.008000	-0.327113	-0.327609
	128.114000	-0.327882	-0.329611
	128.225000	-0.327849	-0.329098
	128.335000	-0.326787	-0.327872
	128.442000	-0.327218	-0.328322
	128.554000	-0.327185	-0.327984
	128.666000	-0.326531	-0.327764
	128.777000	-0.327681	-0.328063
	128.890000	-0.327757	-0.328529
	129.000000	-0.325788	-0.326896
	129.106000	-0.325571	-0.327195
	129.212000	-0.328135	-0.328569
	129.321000	-0.326741	-0.327533
	129.427000	-0.325147	-0.325762
	129.537000	-0.327162	-0.327402
	129.650000	-0.325045	-0.326547
	129.759000	-0.326304	-0.326725
	129.869000	-0.325650	-0.327132
	129.974000	-0.326281	-0.326758
	130.081000	-0.326449	-0.327284
	130.189000	-0.325449	-0.326475
	130.300000	-0.326695	-0.326846
	130.404000	-0.326199	-0.327119
	130.511000	-0.325854	-0.327385
	130.623000	-0.326278	-0.326830
	130.733000	-0.325903	-0.326715
	130.844000	-0.324871	-0.325979
	130.949000	-0.325249	-0.327080
	131.057000	-0.324092	-0.325226
	131.162000	-0.325344	-0.325985
	131.268000	-0.325045	-0.326235
	131.373000	-0.323579	-0.325029
	131.478000	-0.325887	-0.327126
	131.587000	-0.324710	-0.325752
	131.694000	-0.323927	-0.324818
	131.803000	-0.325124	-0.326419
	131.913000	-0.325469	-0.326590
	132.024000	-0.324453	-0.324973
	132.130000	-0.324279	-0.325259
	132.240000	-0.324457	-0.325522
	132.350000	-0.324355	-0.325308
	132.454000	-0.324680	-0.326376
	132.562000	-0.323770	-0.325078
	132.673000	-0.324559	-0.325252
	132.784000	-0.322895	-0.324256
	132.895000	-0.324795	-0.325699
	133.006000	-0.324746	-0.325515
	133.114000	-0.324302	-0.325163
	133.226000	-0.323707	-0.324805
	133.332000	-0.324601	-0.325324
	133.442000	-0.323474	-0.324220
	133.551000	-0.325173	-0.325988
	133.661000	-0.323543	-0.324743
	133.771000	-0.323658	-0.324716
	133.876000	-0.323914	-0.324555
	133.985000	-0.323178	-0.324420
	134.095000	-0.323115	-0.323947
	134.201000	-0.322119	-0.324075
	134.312000	-0.322846	-0.323832
	134.420000	-0.322484	-0.323671
	134.530000	-0.322616	-0.323602
	134.637000	-0.322619	-0.322734
	134.749000	-0.323109	-0.324046
	134.860000	-0.322468	-0.322797
	134.970000	-0.321209	-0.322885
	135.075000	-0.323217	-0.324460
	135.186000	-0.322820	-0.323378
	135.298000	-0.322188	-0.323129
	135.404000	-0.322031	-0.323428
	135.509000	-0.322044	-0.323388
	135.614000	-0.321998	-0.322593
	135.724000	-0.322974	-0.323612
	135.830000	-0.320742	-0.321916
	135.939000	-0.321465	-0.323135
	136.050000	-0.322021	-0.322885
	136.160000	-0.321718	-0.323388
	136.269000	-0.321758	-0.322751
	136.376000	-0.321288	-0.322728
	136.487000	-0.322790	-0.323589
	136.598000	-0.321866	-0.322951
	136.709000	-0.322064	-0.323283
	136.814000	-0.321515	-0.322198
	136.919000	-0.321597	-0.322346
	137.024000	-0.321127	-0.322806
	137.130000	-0.321196	-0.322221
	137.238000	-0.321518	-0.322277
	137.348000	-0.321413	-0.322659
	137.454000	-0.321225	-0.322297
	137.562000	-0.321363	-0.322106
	137.669000	-0.320874	-0.322304
	137.775000	-0.320627	-0.321242
	137.882000	-0.320597	-0.322041
	137.993000	-0.321666	-0.322096
	138.098000	-0.320696	-0.321942
	138.206000	-0.320177	-0.321587
	138.318000	-0.321137	-0.322021
	138.421000	-0.319956	-0.321242
	138.528000	-0.320206	-0.321925
	138.639000	-0.320946	-0.322129
	138.750000	-0.321202	-0.321209
	138.860000	-0.320338	-0.321439
	138.965000	-0.320410	-0.321143
	139.071000	-0.320545	-0.321521
	139.181000	-0.320939	-0.321495
	139.292000	-0.319832	-0.321229
	139.397000	-0.319072	-0.320650
	139.504000	-0.318967	-0.319841
	139.610000	-0.319618	-0.320532
	139.718000	-0.318974	-0.319470
	139.822000	-0.318135	-0.319033
	139.930000	-0.318895	-0.320374
	140.041000	-0.319174	-0.320288
	140.150000	-0.318056	-0.318790
	140.261000	-0.318882	-0.319470
	140.366000	-0.319269	-0.320042
	140.477000	-0.319246	-0.320558
	140.587000	-0.319217	-0.319976
	140.700000	-0.318073	-0.319066
	140.811000	-0.319953	-0.320019
	140.918000	-0.319312	-0.320496
	141.028000	-0.319694	-0.320144
	141.135000	-0.319286	-0.321334
	141.245000	-0.317978	-0.318967
	141.349000	-0.318622	-0.319010
	141.456000	-0.317195	-0.318362
	141.566000	-0.317113	-0.318665
	141.671000	-0.318638	-0.319687
	141.777000	-0.317291	-0.318872
	141.881000	-0.318536	-0.320009
	141.989000	-0.317162	-0.318056
	142.098000	-0.317524	-0.318415
	142.211000	-0.318201	-0.318747
	142.322000	-0.317958	-0.319105
	142.428000	-0.318270	-0.318816
	142.535000	-0.318313	-0.318862
	142.642000	-0.319069	-0.319555
	142.746000	-0.316574	-0.317077
	142.849000	-0.317774	-0.319151
	142.954000	-0.316975	-0.317757
	143.064000	-0.317925	-0.319240
	143.171000	-0.317386	-0.318303
	143.281000	-0.318513	-0.319250
	143.385000	-0.317879	-0.318198
	143.490000	-0.317531	-0.318428
	143.595000	-0.317425	-0.318974
	143.704000	-0.317899	-0.319076
	143.809000	-0.316653	-0.318185
	143.914000	-0.315381	-0.316646
	144.025000	-0.316268	-0.317024
	144.134000	-0.315999	-0.317258
	144.240000	-0.316327	-0.316656
	144.349000	-0.316558	-0.317586
	144.462000	-0.316387	-0.317337
	144.570000	-0.317554	-0.318444
	144.675000	-0.317100	-0.317797
	144.778000	-0.317399	-0.318129
	144.881000	-0.317103	-0.318287
	144.988000	-0.315726	-0.316804
	145.094000	-0.316922	-0.317215
	145.200000	-0.317231	-0.317527
	145.309000	-0.317774	-0.317932
	145.414000	-0.316692	-0.318579
	145.518000	-0.317955	-0.319309
	145.627000	-0.316012	-0.317626
	145.737000	-0.315315	-0.316781
	145.841000	-0.316209	-0.317208
	145.947000	-0.317110	-0.317070
	146.054000	-0.316814	-0.317853
	146.161000	-0.314901	-0.316640
	146.270000	-0.316045	-0.316495
	146.376000	-0.315417	-0.316518
	146.486000	-0.315594	-0.316535
	146.592000	-0.314753	-0.316150
	146.701000	-0.314753	-0.315614
	146.809000	-0.315555	-0.315940
	146.919000	-0.316587	-0.318043
	147.024000	-0.315450	-0.316735
	147.128000	-0.316117	-0.317087
	147.232000	-0.315184	-0.315782
	147.336000	-0.314704	-0.316341
	147.440000	-0.315318	-0.316692
	147.552000	-0.314792	-0.316318
	147.657000	-0.316413	-0.317557
	147.766000	-0.315499	-0.316321
	147.871000	-0.314848	-0.316521
	147.979000	-0.315949	-0.317231
	148.084000	-0.315884	-0.316880
	148.190000	-0.316699	-0.317544
	148.295000	-0.314450	-0.315469
	148.401000	-0.315137	-0.316692
	148.510000	-0.315161	-0.316656
	148.620000	-0.314694	-0.315312
	148.725000	-0.314674	-0.315871
	148.832000	-0.314234	-0.315539
	148.942000	-0.315949	-0.316751
	149.048000	-0.314214	-0.315555
	149.157000	-0.315226	-0.316620
	149.266000	-0.315479	-0.316324
	149.377000	-0.314161	-0.315805
	149.487000	-0.313882	-0.314536
	149.595000	-0.314944	-0.315709
	149.706000	-0.315128	-0.316285
	149.811000	-0.314881	-0.315072
	149.917000	-0.314592	-0.315016
	150.027000	-0.313967	-0.315588
	150.133000	-0.315154	-0.316370
	150.240000	-0.315900	-0.316847
	150.343000	-0.315729	-0.316452
	150.454000	-0.313997	-0.315624
	150.558000	-0.314700	-0.315045
	150.665000	-0.314026	-0.315469
	150.776000	-0.313832	-0.314220
	150.887000	-0.315098	-0.315903
	150.996000	-0.314151	-0.315663
	151.108000	-0.314720	-0.315506
	151.219000	-0.313530	-0.314441
	151.323000	-0.313806	-0.315059
	151.428000	-0.313086	-0.314595
	151.535000	-0.314460	-0.315614
	151.641000	-0.313448	-0.314651
	151.748000	-0.312866	-0.314043
	151.860000	-0.313392	-0.313376
	151.966000	-0.313080	-0.314437
	152.072000	-0.312978	-0.313655
	152.176000	-0.313399	-0.313977
	152.287000	-0.313021	-0.313921
	152.397000	-0.313428	-0.314243
	152.505000	-0.313760	-0.314717
	152.617000	-0.313461	-0.314427
	152.721000	-0.313520	-0.314378
	152.829000	-0.312889	-0.314003
	152.940000	-0.312797	-0.313704
	153.045000	-0.311745	-0.313017
	153.150000	-0.311729	-0.312458
	153.261000	-0.313458	-0.314102
	153.368000	-0.313530	-0.314700
	153.479000	-0.312419	-0.313353
	153.586000	-0.313021	-0.314145
	153.694000	-0.313951	-0.314940
	153.803000	-0.311315	-0.313280
	153.907000	-0.313096	-0.314138
	154.014000	-0.313099	-0.314109
	154.119000	-0.313330	-0.314112
	154.225000	-0.311755	-0.312761
	154.333000	-0.313425	-0.314214
	154.439000	-0.312758	-0.313734
	154.545000	-0.312084	-0.312616
	154.656000	-0.313556	-0.314746
	154.761000	-0.311716	-0.312038
	154.871000	-0.313182	-0.313898
	154.975000	-0.312580	-0.313984
	155.084000	-0.311252	-0.312048
	155.190000	-0.313053	-0.313780
	155.299000	-0.312666	-0.313727
	155.409000	-0.312064	-0.313017
	155.520000	-0.311936	-0.312945
	155.632000	-0.312143	-0.312439
	155.742000	-0.311071	-0.312435
	155.846000	-0.312639	-0.313678
	155.954000	-0.311130	-0.311811
	156.067000	-0.310693	-0.311850
	156.178000	-0.312343	-0.313629
	156.282000	-0.311597	-0.312432
	156.391000	-0.311150	-0.313221
	156.502000	-0.311137	-0.312399
	156.609000	-0.312011	-0.312708
	156.719000	-0.312205	-0.313093
	156.824000	-0.311742	-0.311883
	156.932000	-0.312350	-0.313021
	157.043000	-0.310079	-0.311324
	157.149000	-0.311791	-0.312620
	157.254000	-0.310821	-0.312146
	157.361000	-0.311508	-0.312067
	157.470000	-0.309937	-0.310983
	157.575000	-0.311479	-0.312357
	157.686000	-0.311956	-0.313178
	157.795000	-0.310565	-0.312031
	157.905000	-0.311199	-0.312307
	158.010000	-0.310450	-0.311666
	158.118000	-0.311804	-0.312636
	158.228000	-0.311518	-0.312639
	158.332000	-0.311505	-0.312988
	158.441000	-0.311324	-0.312735
	158.546000	-0.310614	-0.311969
	158.658000	-0.311502	-0.312195
	158.762000	-0.311334	-0.312189
	158.867000	-0.311272	-0.312922
	158.976000	-0.309855	-0.310867
	159.088000	-0.311410	-0.312064
	159.192000	-0.310512	-0.311272
	159.299000	-0.310470	-0.312041
	159.403000	-0.310565	-0.311837
	159.507000	-0.311098	-0.311384
	159.613000	-0.311403	-0.312169
	159.724000	-0.311571	-0.311906
	159.833000	-0.310900	-0.313063
	159.938000	-0.310141	-0.311403
	160.045000	-0.310887	-0.312038
	160.156000	-0.311364	-0.311998
	160.260000	-0.310161	-0.310762
	160.365000	-0.310115	-0.311367
	160.474000	-0.308958	-0.309967
	160.580000	-0.309901	-0.310841
	160.690000	-0.310913	-0.311633
	160.795000	-0.310378	-0.310923
	160.902000	-0.310128	-0.310687
	161.011000	-0.310052	-0.311140
	161.122000	-0.310328	-0.311048
	161.233000	-0.309148	-0.310989
	161.339000	-0.309986	-0.310785
	161.446000	-0.309957	-0.310999
	161.557000	-0.309549	-0.310361
	161.669000	-0.310956	-0.311722
	161.780000	-0.310174	-0.310854
	161.884000	-0.309714	-0.310512
	161.988000	-0.309671	-0.310841
	162.094000	-0.309559	-0.310904
	162.204000	-0.309733	-0.310904
	162.308000	-0.310397	-0.311630
	162.414000	-0.308649	-0.310006
	162.520000	-0.309428	-0.310940
	162.632000	-0.309868	-0.311663
	162.742000	-0.308846	-0.309881
	162.851000	-0.309013	-0.309881
	162.963000	-0.308560	-0.309296
	163.075000	-0.309030	-0.309756
	163.186000	-0.308681	-0.309908
	163.296000	-0.309868	-0.310200
	163.409000	-0.309822	-0.310825
	163.519000	-0.309490	-0.310720
	163.626000	-0.308208	-0.309678
	163.736000	-0.309868	-0.310956
	163.841000	-0.309115	-0.310194
	163.950000	-0.310263	-0.311252
	164.060000	-0.309793	-0.311075
	164.170000	-0.309786	-0.309842
	164.277000	-0.309875	-0.311209
	164.386000	-0.307804	-0.309434
	164.495000	-0.310272	-0.311998
	164.603000	-0.309510	-0.310634
	164.710000	-0.309668	-0.310555
	164.818000	-0.308409	-0.309842
	164.928000	-0.309523	-0.310999
	165.038000	-0.309188	-0.309796
	165.150000	-0.310154	-0.310960
	165.257000	-0.309825	-0.310611
	165.365000	-0.309224	-0.310141
	165.475000	-0.309178	-0.309316
	165.581000	-0.307735	-0.309369
	165.691000	-0.309211	-0.310710
	165.796000	-0.310493	-0.310706
	165.906000	-0.308744	-0.309980
	166.011000	-0.308409	-0.309454
	166.117000	-0.308468	-0.309516
	166.222000	-0.307702	-0.309076
	166.332000	-0.308652	-0.309181
	166.438000	-0.308737	-0.309970
	166.548000	-0.307242	-0.308698
	166.656000	-0.308116	-0.308866
	166.762000	-0.309230	-0.310069
	166.868000	-0.308146	-0.309628
	166.975000	-0.307580	-0.308547
	167.083000	-0.309842	-0.310545
	167.196000	-0.309599	-0.311413
	167.307000	-0.307416	-0.307994
	167.418000	-0.307893	-0.308800
	167.524000	-0.307863	-0.309053
	167.634000	-0.308333	-0.309523
	167.740000	-0.306670	-0.307751
	167.847000	-0.307998	-0.308777
	167.957000	-0.308882	-0.309927
	168.065000	-0.307935	-0.309181
	168.175000	-0.307574	-0.308833
	168.285000	-0.307054	-0.308172
	168.390000	-0.306834	-0.307981
	168.501000	-0.308192	-0.309017
	168.609000	-0.307708	-0.308836
	168.718000	-0.306607	-0.306680
	168.831000	-0.307544	-0.308228
	168.941000	-0.307294	-0.308202
	169.046000	-0.307196	-0.308629
	169.152000	-0.307745	-0.308718
	169.258000	-0.307294	-0.308425
	169.367000	-0.308419	-0.309309
	169.478000	-0.308349	-0.309447
	169.583000	-0.307669	-0.307978
	169.694000	-0.307008	-0.308343
	169.802000	-0.306512	-0.307607
	169.909000	-0.308294	-0.309283
	170.020000	-0.307370	-0.308349
	170.132000	-0.307413	-0.308777
	170.239000	-0.307054	-0.308303
	170.346000	-0.307429	-0.308149
	170.454000	-0.307074	-0.307899
	170.563000	-0.307117	-0.309027
	170.667000	-0.306952	-0.308040
	170.775000	-0.305549	-0.306190
	170.882000	-0.307383	-0.307570
	170.994000	-0.306887	-0.307544
	171.102000	-0.307087	-0.308264
	171.213000	-0.307071	-0.308034
	171.320000	-0.307222	-0.307998
	171.430000	-0.307324	-0.308566
	171.540000	-0.306956	-0.308096
	171.645000	-0.307025	-0.308159
	171.752000	-0.307616	-0.308708
	171.858000	-0.307268	-0.308622
	171.963000	-0.306519	-0.306765
	172.068000	-0.308175	-0.309033
	172.171000	-0.307048	-0.307939
	172.278000	-0.308060	-0.308080
	172.382000	-0.307199	-0.307912
	172.489000	-0.306900	-0.307173
	172.595000	-0.306193	-0.307363
	172.704000	-0.305986	-0.306841
	172.808000	-0.307551	-0.308093
	172.915000	-0.306331	-0.307948
	173.025000	-0.306528	-0.306798
	173.137000	-0.307018	-0.308264
	173.248000	-0.306239	-0.307232
	173.357000	-0.307005	-0.308501
	173.461000	-0.307288	-0.308277
	173.565000	-0.308054	-0.308747
	173.673000	-0.306443	-0.308432
	173.780000	-0.306466	-0.307902
	173.884000	-0.305904	-0.306371
	173.991000	-0.307781	-0.308234
	174.101000	-0.307209	-0.307899
	174.212000	-0.307883	-0.309415
	174.322000	-0.307110	-0.307705
	174.428000	-0.307682	-0.308271
	174.535000	-0.305874	-0.307074
	174.646000	-0.306410	-0.307196
	174.755000	-0.306249	-0.307186
	174.859000	-0.307005	-0.307478
	174.966000	-0.306706	-0.307781
	175.071000	-0.305979	-0.307196
	175.174000	-0.306696	-0.307363
	175.280000	-0.305105	-0.306525
	175.391000	-0.306426	-0.307718
	175.498000	-0.306223	-0.307975
	175.606000	-0.305881	-0.307005
	175.715000	-0.307541	-0.308596
	175.820000	-0.307544	-0.308379
	175.928000	-0.305822	-0.306867
	176.033000	-0.304875	-0.305979
	176.140000	-0.306252	-0.307360
	176.251000	-0.306735	-0.307485
	176.361000	-0.305598	-0.306851
	176.466000	-0.305901	-0.307044
	176.571000	-0.306190	-0.307199
	176.680000	-0.304536	-0.306058
	176.790000	-0.306459	-0.306959
	176.894000	-0.305168	-0.306078
	177.004000	-0.305506	-0.306742
	177.108000	-0.305792	-0.306657
	177.214000	-0.305046	-0.306173
	177.322000	-0.306453	-0.307616
	177.433000	-0.305726	-0.307446
	177.544000	-0.305575	-0.306676
	177.648000	-0.305168	-0.306055
	177.756000	-0.304766	-0.306025
	177.868000	-0.305003	-0.305605
	177.977000	-0.304086	-0.305887
	178.084000	-0.306568	-0.307452
	178.195000	-0.305220	-0.306331
	178.304000	-0.305592	-0.306380
	178.410000	-0.305365	-0.306532
	178.517000	-0.306315	-0.307242
	178.626000	-0.306709	-0.307547
	178.736000	-0.305986	-0.307367
	178.842000	-0.305214	-0.306847
	178.947000	-0.306259	-0.307051
	179.059000	-0.305292	-0.305595
	179.166000	-0.307367	-0.307807
	179.277000	-0.304642	-0.305605
	179.388000	-0.304596	-0.305917
	179.495000	-0.306265	-0.307347
	179.608000	-0.305375	-0.306035
	179.717000	-0.304625	-0.305516
	179.828000	-0.305509	-0.306285
	179.940000	-0.305605	-0.306505
	180.048000	-0.305647	-0.306634
	180.153000	-0.305973	-0.307035
	180.261000	-0.305128	-0.305986
	180.368000	-0.305970	-0.306387
	180.474000	-0.303044	-0.304533
	180.580000	-0.303997	-0.304783
	180.689000	-0.303955	-0.305000
	180.800000	-0.304911	-0.305703
	180.905000	-0.303172	-0.304720
	181.008000	-0.304487	-0.305621
	181.114000	-0.303816	-0.304882
	181.225000	-0.306121	-0.307265
	181.329000	-0.304165	-0.305555
	181.439000	-0.303067	-0.304079
	181.547000	-0.303613	-0.304553
	181.655000	-0.304612	-0.306611
	181.766000	-0.304622	-0.305772
	181.869000	-0.304326	-0.306334
	181.975000	-0.304474	-0.305611
	182.080000	-0.302949	-0.303994
	182.186000	-0.305164	-0.305956
	182.297000	-0.303054	-0.304293
	182.407000	-0.304106	-0.304908
	182.512000	-0.303619	-0.305059
	182.617000	-0.304513	-0.304878
	182.726000	-0.303665	-0.305565
	182.838000	-0.304339	-0.304836
	182.949000	-0.304270	-0.305260
	183.052000	-0.303369	-0.304576
	183.158000	-0.303948	-0.304977
	183.270000	-0.304224	-0.304776
	183.380000	-0.303245	-0.303872
	183.490000	-0.304132	-0.304960
	183.596000	-0.305641	-0.306759
	183.704000	-0.304346	-0.305269
	183.808000	-0.303353	-0.304316
	183.916000	-0.305210	-0.306183
	184.026000	-0.303116	-0.304148
	184.137000	-0.304484	-0.305161
	184.243000	-0.303695	-0.304434
	184.353000	-0.303379	-0.304132
	184.459000	-0.303409	-0.305115
	184.569000	-0.304911	-0.305746
	184.674000	-0.304576	-0.305887
	184.786000	-0.303675	-0.304786
	184.891000	-0.303567	-0.304066
	184.995000	-0.302334	-0.303461
	185.099000	-0.303968	-0.305240
	185.207000	-0.304168	-0.305174
	185.319000	-0.303803	-0.304901
	185.424000	-0.304017	-0.304822
	185.528000	-0.304484	-0.305585
	185.632000	-0.303659	-0.304947
	185.737000	-0.304599	-0.306052
	185.850000	-0.304474	-0.305217
	185.959000	-0.304063	-0.305191
	186.067000	-0.303695	-0.305158
	186.174000	-0.304379	-0.304954
	186.285000	-0.303373	-0.304395
	186.394000	-0.304789	-0.305762
	186.500000	-0.304283	-0.305227
	186.607000	-0.304185	-0.304918
	186.715000	-0.304809	-0.305651
	186.825000	-0.303928	-0.304573
	186.930000	-0.303189	-0.304362
	187.036000	-0.304372	-0.305624
	187.144000	-0.305677	-0.306048
	187.252000	-0.303843	-0.305112
	187.356000	-0.303494	-0.304494
	187.461000	-0.303994	-0.305306
	187.571000	-0.306118	-0.306877
	187.682000	-0.303856	-0.304665
	187.790000	-0.303675	-0.304773
	187.900000	-0.304185	-0.305657
	188.011000	-0.303238	-0.304300
	188.121000	-0.302965	-0.304073
	188.228000	-0.304250	-0.304799
	188.334000	-0.304770	-0.304845
	188.437000	-0.304372	-0.305079
	188.543000	-0.303902	-0.304612
	188.651000	-0.303517	-0.304323
	188.762000	-0.305325	-0.305766
	188.873000	-0.304546	-0.305529
	188.982000	-0.304714	-0.305891
	189.087000	-0.303438	-0.304914
	189.192000	-0.304658	-0.304701
	189.298000	-0.303028	-0.304185
	189.404000	-0.304543	-0.305246
	189.509000	-0.302791	-0.304241
	189.614000	-0.303593	-0.304017
	189.721000	-0.303964	-0.305020
	189.826000	-0.303402	-0.304803
	189.933000	-0.303363	-0.304267
	190.042000	-0.304020	-0.304747
	190.153000	-0.303816	-0.305013
	190.264000	-0.302682	-0.303097
	190.370000	-0.302373	-0.303705
	190.477000	-0.303905	-0.304951
	190.587000	-0.304349	-0.304964
	190.697000	-0.302551	-0.302857
	190.806000	-0.303573	-0.305000
	190.911000	-0.304030	-0.305677
	191.018000	-0.303616	-0.304402
	191.124000	-0.304195	-0.305463
	191.228000	-0.303320	-0.304750
	191.333000	-0.302137	-0.303721
	191.440000	-0.303116	-0.304438
	191.551000	-0.303179	-0.304004
	191.658000	-0.302495	-0.303415
	191.770000	-0.302781	-0.303892
	191.881000	-0.302492	-0.303935
	191.991000	-0.301752	-0.303366
	192.096000	-0.302650	-0.304079
	192.201000	-0.303721	-0.304832
	192.308000	-0.303087	-0.304635
	192.413000	-0.302751	-0.303678
	192.518000	-0.303054	-0.304086
	192.624000	-0.301381	-0.302505
	192.731000	-0.302584	-0.303435
	192.839000	-0.302932	-0.304125
	192.943000	-0.302061	-0.303383
	193.049000	-0.302091	-0.303005
	193.156000	-0.302725	-0.303396
	193.265000	-0.301703	-0.303402
	193.370000	-0.301992	-0.303149
	193.481000	-0.301305	-0.302515
	193.587000	-0.301815	-0.303215
	193.693000	-0.300500	-0.301578
	193.802000	-0.301654	-0.302505
	193.912000	-0.301414	-0.302242
	194.017000	-0.302344	-0.303557
	194.123000	-0.301105	-0.302249
	194.230000	-0.302311	-0.303258
	194.334000	-0.302712	-0.303951
	194.441000	-0.302035	-0.303116
	194.550000	-0.300388	-0.302130
	194.660000	-0.301575	-0.303100
	194.769000	-0.302390	-0.302936
	194.874000	-0.301091	-0.301972
	194.982000	-0.302101	-0.303235
	195.088000	-0.302071	-0.303317
	195.197000	-0.303021	-0.304030
	195.307000	-0.301923	-0.302890
	195.410000	-0.301124	-0.301759
	195.515000	-0.302659	-0.303189
	195.623000	-0.301815	-0.302959
	195.732000	-0.301085	-0.302567
	195.843000	-0.303159	-0.303767
	195.954000	-0.300279	-0.301042
	196.058000	-0.301137	-0.302117
	196.165000	-0.300135	-0.301634
	196.275000	-0.301341	-0.302534
	196.380000	-0.301075	-0.302564
	196.486000	-0.301729	-0.302327
	196.594000	-0.302291	-0.303047
	196.699000	-0.301226	-0.301775
	196.806000	-0.301897	-0.302863
	196.914000	-0.301121	-0.302189
	197.018000	-0.299836	-0.301039
	197.122000	-0.301315	-0.302291
	197.229000	-0.301867	-0.302028
	197.337000	-0.300763	-0.301811
	197.443000	-0.300976	-0.302074
	197.553000	-0.302574	-0.303570
	197.658000	-0.300766	-0.301729
	197.767000	-0.300562	-0.301345
	197.872000	-0.300536	-0.302009
	197.979000	-0.301088	-0.301755
	198.083000	-0.301433	-0.302097
	198.190000	-0.300674	-0.301824
	198.295000	-0.300608	-0.301821
	198.401000	-0.301670	-0.303317
	198.511000	-0.301233	-0.302896
	198.616000	-0.301361	-0.302383
	198.722000	-0.300983	-0.302071
	198.833000	-0.300076	-0.301591
	198.944000	-0.302124	-0.303051
	199.052000	-0.302722	-0.303258
	199.162000	-0.300930	-0.302183
	199.268000	-0.299994	-0.301824
	199.372000	-0.300651	-0.301575
	199.478000	-0.300372	-0.301808
	199.584000	-0.299869	-0.301246
	199.696000	-0.299599	-0.300704
	199.805000	-0.299744	-0.300421
	199.912000	-0.300013	-0.301226
	200.019000	-0.299915	-0.300697
	200.127000	-0.299800	-0.300237
	200.234000	-0.300529	-0.300953
	200.341000	-0.300411	-0.300773
	200.447000	-0.299740	-0.300480
	200.556000	-0.299316	-0.300289
	200.663000	-0.300362	-0.300723
	200.768000	-0.299744	-0.300874
	200.876000	-0.300247	-0.301397
	200.987000	-0.299320	-0.300730
	201.090000	-0.300575	-0.301785
	201.195000	-0.299191	-0.300631
	201.301000	-0.301519	-0.302291
	201.410000	-0.300099	-0.300937
	201.521000	-0.298994	-0.300184
	201.625000	-0.300378	-0.301479
	201.734000	-0.299846	-0.301223
	201.839000	-0.300411	-0.301262
	201.946000	-0.299497	-0.300171
	202.054000	-0.299425	-0.300556
	202.162000	-0.300385	-0.301177
	202.266000	-0.300529	-0.301410
	202.371000	-0.299362	-0.300736
	202.479000	-0.299165	-0.300562
	202.590000	-0.298504	-0.299454
	202.695000	-0.299560	-0.301315
	202.803000	-0.299402	-0.300792
	202.911000	-0.300207	-0.300914
	203.022000	-0.300247	-0.300493
	203.127000	-0.298945	-0.300306
	203.232000	-0.300214	-0.301246
	203.337000	-0.299221	-0.300539
	203.440000	-0.299882	-0.301193
	203.545000	-0.300365	-0.301992
	203.651000	-0.300470	-0.301114
	203.760000	-0.298455	-0.299303
	203.870000	-0.300352	-0.300598
	203.975000	-0.299113	-0.300611
	204.080000	-0.298297	-0.299928
	204.189000	-0.299583	-0.300296
	204.297000	-0.300056	-0.301302
	204.403000	-0.300431	-0.301187
	204.508000	-0.299468	-0.300519
	204.614000	-0.299724	-0.300878
	204.724000	-0.298863	-0.299961
	204.828000	-0.299093	-0.299412
	204.935000	-0.298820	-0.300007
	205.045000	-0.298902	-0.299819
	205.156000	-0.298488	-0.298445
	205.262000	-0.299872	-0.300809
	205.367000	-0.299001	-0.299908
	205.474000	-0.298925	-0.299901
	205.581000	-0.298715	-0.299800
	205.686000	-0.299211	-0.300375
	205.791000	-0.299862	-0.301269
	205.895000	-0.299425	-0.300372
	206.001000	-0.299714	-0.300454
	206.104000	-0.299708	-0.300072
	206.211000	-0.298481	-0.299014
	206.316000	-0.299007	-0.300473
	206.426000	-0.299520	-0.301414
	206.535000	-0.300036	-0.301571
	206.643000	-0.299356	-0.300625
	206.752000	-0.299757	-0.299878
	206.857000	-0.298642	-0.299813
	206.963000	-0.299017	-0.300224
	207.071000	-0.299688	-0.300756
	207.174000	-0.300585	-0.301522
	207.280000	-0.299744	-0.300967
	207.385000	-0.299491	-0.301065
	207.494000	-0.299412	-0.300858
	207.600000	-0.298564	-0.300003
	207.708000	-0.300477	-0.301167
	207.812000	-0.299553	-0.300352
	207.921000	-0.299855	-0.301206
	208.025000	-0.298886	-0.300046
	208.130000	-0.299011	-0.300296
	208.238000	-0.299402	-0.300756
	208.347000	-0.299004	-0.300118
	208.459000	-0.299783	-0.300546
	208.571000	-0.299829	-0.300756
	208.681000	-0.299155	-0.300750
	208.786000	-0.298495	-0.299527
	208.895000	-0.298080	-0.299001
	209.002000	-0.298856	-0.299507
	209.110000	-0.299254	-0.300362
	209.219000	-0.299471	-0.300312
	209.322000	-0.298113	-0.299609
	209.427000	-0.299576	-0.300516
	209.537000	-0.299711	-0.300661
	209.645000	-0.299244	-0.300115
	209.749000	-0.299537	-0.300158
	209.854000	-0.298866	-0.299977
	209.964000	-0.297775	-0.298817
	210.069000	-0.298616	-0.300017
	210.176000	-0.298777	-0.299704
	210.282000	-0.298061	-0.299533
	210.392000	-0.299892	-0.300990
	210.497000	-0.299533	-0.300201
	210.602000	-0.299934	-0.300782
	210.713000	-0.299362	-0.300562
	210.818000	-0.300135	-0.301137
	210.929000	-0.297949	-0.299481
	211.039000	-0.298951	-0.299786
	211.148000	-0.299139	-0.299783
	211.253000	-0.297834	-0.298475
	211.358000	-0.299155	-0.300447
	211.462000	-0.298817	-0.299819
	211.566000	-0.297834	-0.299533
	211.671000	-0.298761	-0.299454
	211.776000	-0.299060	-0.300155
	211.883000	-0.299662	-0.300164
	211.990000	-0.300470	-0.300937
	212.099000	-0.299878	-0.301154
	212.207000	-0.300033	-0.301696
	212.315000	-0.298403	-0.299195
	212.419000	-0.298850	-0.299599
	212.525000	-0.298978	-0.300010
	212.630000	-0.299044	-0.300312
	212.733000	-0.297630	-0.298613
	212.838000	-0.300174	-0.300980
	212.947000	-0.298347	-0.299596
	213.056000	-0.299382	-0.300224
	213.162000	-0.298544	-0.299819
	213.265000	-0.299556	-0.300707
	213.372000	-0.300339	-0.300717
	213.479000	-0.300194	-0.300273
	213.584000	-0.298458	-0.299573
	213.692000	-0.298679	-0.300059
	213.800000	-0.299731	-0.300595
	213.906000	-0.299721	-0.300812
	214.010000	-0.299615	-0.300128
	214.116000	-0.298521	-0.299901
	214.221000	-0.298846	-0.299954
	214.328000	-0.299642	-0.300464
	214.433000	-0.299688	-0.301266
	214.537000	-0.299428	-0.300608
	214.647000	-0.299047	-0.299652
	214.754000	-0.297400	-0.298570
	214.862000	-0.297906	-0.299461
	214.972000	-0.300151	-0.301252
	215.081000	-0.298067	-0.299662
	215.184000	-0.298596	-0.300095
	215.292000	-0.299287	-0.300187
	215.401000	-0.299274	-0.300759
	215.512000	-0.299021	-0.299846
	215.622000	-0.299024	-0.300467
	215.728000	-0.297785	-0.299191
	215.832000	-0.298790	-0.299300
	215.937000	-0.298573	-0.299185
	216.040000	-0.298613	-0.299346
	216.146000	-0.298110	-0.299139
	216.250000	-0.299126	-0.299655
	216.354000	-0.299441	-0.300884
	216.460000	-0.299116	-0.299859
	216.567000	-0.297012	-0.298255
	216.674000	-0.298245	-0.299372
	216.780000	-0.298902	-0.300122
	216.888000	-0.297722	-0.298656
	216.997000	-0.298094	-0.299165
	217.103000	-0.298997	-0.300099
	217.211000	-0.297298	-0.298587
	217.320000	-0.299182	-0.299964
	217.427000	-0.299356	-0.300490
	217.536000	-0.297785	-0.298452
	217.639000	-0.299149	-0.300135
	217.744000	-0.298366	-0.299760
	217.853000	-0.298511	-0.299852
	217.961000	-0.298077	-0.299408
	218.065000	-0.297808	-0.298524
	218.172000	-0.299382	-0.300618
	218.275000	-0.298886	-0.299921
	218.380000	-0.298942	-0.300125
	218.486000	-0.298988	-0.299431
	218.596000	-0.298554	-0.300487
	218.706000	-0.299188	-0.300329
	218.816000	-0.298797	-0.299435
	218.922000	-0.297962	-0.299119
	219.028000	-0.298692	-0.299458
	219.134000	-0.298018	-0.299024
	219.238000	-0.298781	-0.300368
	219.344000	-0.297528	-0.299283
	219.450000	-0.299040	-0.300342
	219.556000	-0.298633	-0.299826
	219.665000	-0.300049	-0.301963
	219.774000	-0.299297	-0.300592
	219.879000	-0.297203	-0.299162
	219.984000	-0.298945	-0.299790
	220.087000	-0.298662	-0.299793
	220.191000	-0.297765	-0.299402
	220.299000	-0.297479	-0.298544
	220.409000	-0.297633	-0.298419
	220.517000	-0.297308	-0.298241
	220.627000	-0.297383	-0.298458
	220.738000	-0.297663	-0.298646
	220.843000	-0.298662	-0.299402
	220.948000	-0.296996	-0.298333
	221.054000	-0.298044	-0.298547
	221.161000	-0.298863	-0.300414
	221.271000	-0.297909	-0.299122
	221.376000	-0.298616	-0.299300
	221.481000	-0.299592	-0.300664
	221.588000	-0.297479	-0.298347
	221.693000	-0.297620	-0.299027
	221.798000	-0.297919	-0.297995
	221.906000	-0.298715	-0.300099
	222.016000	-0.298110	-0.299487
	222.124000	-0.299129	-0.299862
	222.229000	-0.298886	-0.299625
	222.336000	-0.298136	-0.299343
	222.445000	-0.297719	-0.299037
	222.552000	-0.297798	-0.298735
	222.660000	-0.297745	-0.299336
	222.769000	-0.298774	-0.299740
	222.876000	-0.298685	-0.299537
	222.984000	-0.297005	-0.298642
	223.093000	-0.297660	-0.298978
	223.200000	-0.298100	-0.298928
	223.304000	-0.297508	-0.298373
	223.411000	-0.298721	-0.299359
	223.518000	-0.297456	-0.298416
	223.630000	-0.297778	-0.298912
	223.739000	-0.298606	-0.299221
	223.844000	-0.297591	-0.298636
	223.953000	-0.297482	-0.299093
	224.061000	-0.298452	-0.299504
	224.169000	-0.298347	-0.299408
	224.274000	-0.298738	-0.299678
	224.381000	-0.299379	-0.300694
	224.490000	-0.297972	-0.299241
	224.596000	-0.297896	-0.298961
	224.705000	-0.297420	-0.298330
	224.814000	-0.297637	-0.298626
	224.921000	-0.298343	-0.299070
	225.031000	-0.298228	-0.299362
	225.135000	-0.296164	-0.298251
	225.243000	-0.297449	-0.298383
	225.353000	-0.298787	-0.299228
	225.460000	-0.298317	-0.299431
	225.570000	-0.297209	-0.298603
	225.678000	-0.298087	-0.298314
	225.785000	-0.297482	-0.298314
	225.891000	-0.297995	-0.298919
	225.998000	-0.297775	-0.298984
	226.104000	-0.298287	-0.299662
	226.210000	-0.297466	-0.298774
	226.314000	-0.297130	-0.298031
	226.418000	-0.298712	-0.299622
	226.523000	-0.298928	-0.299786
	226.634000	-0.297130	-0.298238
	226.739000	-0.298662	-0.299806
	226.845000	-0.297318	-0.298978
	226.954000	-0.296894	-0.298218
	227.066000	-0.298327	-0.299632
	227.170000	-0.297719	-0.298682
	227.276000	-0.297515	-0.298958
	227.385000	-0.298557	-0.299277
	227.495000	-0.297439	-0.298271
	227.606000	-0.298498	-0.299839
	227.710000	-0.298235	-0.299418
	227.819000	-0.297318	-0.299109
	227.928000	-0.297383	-0.298830
	228.032000	-0.297383	-0.298646
	228.137000	-0.296838	-0.297239
	228.245000	-0.298090	-0.299211
	228.352000	-0.298156	-0.299270
	228.455000	-0.297485	-0.298264
	228.563000	-0.297840	-0.298406
	228.672000	-0.297186	-0.298159
	228.777000	-0.297433	-0.297903
	228.883000	-0.297117	-0.298781
	228.994000	-0.297975	-0.299224
	229.100000	-0.297334	-0.298324
	229.210000	-0.297748	-0.299113
	229.314000	-0.297709	-0.298626
	229.420000	-0.296631	-0.297840
	229.531000	-0.296963	-0.297942
	229.639000	-0.295543	-0.296710
	229.742000	-0.296503	-0.297456
	229.850000	-0.296660	-0.298054
	229.954000	-0.296634	-0.297778
	230.061000	-0.296664	-0.297896
	230.170000	-0.297479	-0.298195
	230.274000	-0.297380	-0.298830
	230.380000	-0.296667	-0.297880
	230.485000	-0.295618	-0.296568
	230.593000	-0.296039	-0.296710
	230.702000	-0.296749	-0.297367
	230.807000	-0.296835	-0.297748
	230.916000	-0.297794	-0.298429
	231.021000	-0.297255	-0.298008
	231.128000	-0.297130	-0.298064
	231.232000	-0.297525	-0.298041
	231.339000	-0.298172	-0.299126
	231.446000	-0.297114	-0.298820
	231.553000	-0.297591	-0.298314
	231.658000	-0.296739	-0.297019
	231.765000	-0.295145	-0.296736
	231.872000	-0.295829	-0.297038
	231.976000	-0.296309	-0.297607
	232.084000	-0.296460	-0.297035
	232.188000	-0.296424	-0.297499
	232.294000	-0.296979	-0.297650
	232.400000	-0.295973	-0.297439
	232.505000	-0.297298	-0.298672
	232.611000	-0.295628	-0.296848
	232.715000	-0.296591	-0.297114
	232.826000	-0.296752	-0.297729
	232.930000	-0.296641	-0.297633
	233.037000	-0.296453	-0.297725
	233.144000	-0.296696	-0.297541
	233.248000	-0.295993	-0.297397
	233.354000	-0.296151	-0.298005
	233.462000	-0.296664	-0.297393
	233.570000	-0.296272	-0.297745
	233.675000	-0.296286	-0.297232
	233.780000	-0.296667	-0.297242
	233.884000	-0.296069	-0.296844
	233.994000	-0.297291	-0.298406
	234.098000	-0.297545	-0.298209
	234.207000	-0.297255	-0.298642
	234.319000	-0.298919	-0.299376
	234.426000	-0.297857	-0.298672
	234.533000	-0.298202	-0.299014
	234.638000	-0.297009	-0.297942
	234.748000	-0.297439	-0.298071
	234.858000	-0.298541	-0.299839
	234.964000	-0.296545	-0.298248
	235.068000	-0.298225	-0.299057
	235.172000	-0.297499	-0.298478
	235.280000	-0.296900	-0.297702
	235.390000	-0.297163	-0.298314
	235.497000	-0.297479	-0.297978
	235.604000	-0.297656	-0.297985
	235.715000	-0.296933	-0.298439
	235.825000	-0.298015	-0.298491
	235.929000	-0.298028	-0.298672
	236.034000	-0.297528	-0.298682
	236.138000	-0.297025	-0.298071
	236.244000	-0.298452	-0.299961
	236.348000	-0.296522	-0.297407
	236.454000	-0.297308	-0.298478
	236.557000	-0.298028	-0.299237
	236.662000	-0.297360	-0.297551
	236.768000	-0.296966	-0.298238
	236.878000	-0.297176	-0.298774
	236.982000	-0.297328	-0.298255
	237.091000	-0.296634	-0.297515
	237.198000	-0.296545	-0.297426
	237.303000	-0.296414	-0.297265
	237.409000	-0.296437	-0.297492
	237.518000	-0.296956	-0.297775
	237.623000	-0.296512	-0.297492
	237.730000	-0.297308	-0.298005
	237.835000	-0.298610	-0.299379
	237.939000	-0.296282	-0.297640
	238.043000	-0.296496	-0.297778
	238.149000	-0.296614	-0.298317
	238.254000	-0.296256	-0.296749
	238.359000	-0.294287	-0.295414
	238.464000	-0.297252	-0.298087
	238.569000	-0.296496	-0.297610
	238.673000	-0.296818	-0.297752
	238.778000	-0.296420	-0.297219
	238.887000	-0.296374	-0.297808
	238.992000	-0.295303	-0.296522
	239.097000	-0.296000	-0.296545
	239.206000	-0.296887	-0.297541
	239.317000	-0.297130	-0.297929
	239.428000	-0.294744	-0.296013
	239.534000	-0.296710	-0.297837
	239.644000	-0.296213	-0.297380
	239.749000	-0.295911	-0.297558
	239.856000	-0.295904	-0.296936
	239.965000	-0.296936	-0.297860
	240.073000	-0.297249	-0.297673
	240.183000	-0.296752	-0.297633
	240.290000	-0.297837	-0.298432
	240.394000	-0.296213	-0.297065
	240.501000	-0.296276	-0.297426
	240.605000	-0.296887	-0.297522
	240.707000	-0.296719	-0.297272
	240.811000	-0.296851	-0.297564
	240.916000	-0.297167	-0.297660
	241.019000	-0.296230	-0.297216
	241.125000	-0.296499	-0.297321
	241.235000	-0.296572	-0.297522
	241.344000	-0.296332	-0.297173
	241.448000	-0.296499	-0.298011
	241.554000	-0.296624	-0.297144
	241.658000	-0.296578	-0.297255
	241.762000	-0.296910	-0.296907
	241.866000	-0.296190	-0.296812
	241.976000	-0.296450	-0.297347
	242.080000	-0.297107	-0.298370
	242.186000	-0.296358	-0.297081
	242.292000	-0.296453	-0.297282
	242.401000	-0.296299	-0.296210
	242.507000	-0.295257	-0.296542
	242.615000	-0.296719	-0.297541
	242.721000	-0.296246	-0.297403
	242.825000	-0.297219	-0.298383
	242.930000	-0.296670	-0.297199
	243.034000	-0.295983	-0.296447
	243.140000	-0.296069	-0.297469
	243.249000	-0.296134	-0.297167
	243.354000	-0.296144	-0.296989
	243.460000	-0.295898	-0.297048
	243.564000	-0.295835	-0.296936
	243.671000	-0.296374	-0.296917
	243.779000	-0.296598	-0.297785
	243.882000	-0.296092	-0.296637
	243.988000	-0.297367	-0.298120
	244.096000	-0.296956	-0.297449
	244.207000	-0.296634	-0.298038
	244.317000	-0.298044	-0.298527
	244.421000	-0.296874	-0.297854
	244.525000	-0.296338	-0.297331
	244.635000	-0.296953	-0.298478
	244.746000	-0.296654	-0.297495
	244.852000	-0.295539	-0.296148
	244.956000	-0.296601	-0.297752
	245.063000	-0.296759	-0.298212
	245.170000	-0.297121	-0.297548
	245.275000	-0.295184	-0.296739
	245.379000	-0.294869	-0.296134
	245.486000	-0.295253	-0.295809
	245.592000	-0.296174	-0.297528
	245.702000	-0.296723	-0.297748
	245.810000	-0.294954	-0.296138
	245.915000	-0.296805	-0.297321
	246.025000	-0.296591	-0.297374
	246.129000	-0.296029	-0.297002
	246.236000	-0.295204	-0.295960
	246.340000	-0.295247	-0.296203
	246.449000	-0.294662	-0.296315
	246.560000	-0.295862	-0.296887
	246.668000	-0.296341	-0.297222
	246.772000	-0.295986	-0.297081
	246.878000	-0.294944	-0.296003
	246.983000	-0.295684	-0.296562
	247.093000	-0.295477	-0.296532
	247.198000	-0.295691	-0.296526
	247.306000	-0.297383	-0.297854
	247.414000	-0.296092	-0.297627
	247.522000	-0.295707	-0.296006
	247.628000	-0.297058	-0.298054
	247.733000	-0.296627	-0.297811
	247.837000	-0.295802	-0.296858
	247.940000	-0.295359	-0.296710
	248.045000	-0.295697	-0.296782
	248.149000	-0.295349	-0.296318
	248.253000	-0.296151	-0.296904
	248.359000	-0.297019	-0.298363
	248.464000	-0.295592	-0.295963
	248.569000	-0.296654	-0.298754
	248.680000	-0.295382	-0.296305
	248.786000	-0.295733	-0.297203
	248.893000	-0.296598	-0.297900
	249.000000	-0.296480	-0.297847
	249.106000	-0.296105	-0.296670
	249.214000	-0.295589	-0.296263
	249.320000	-0.294714	-0.296059
	249.426000	-0.296900	-0.297515
	249.533000	-0.295138	-0.296752
	249.641000	-0.295885	-0.297028
	249.752000	-0.295940	-0.297453
	249.859000	-0.297689	-0.298314
	249.967000	-0.295559	-0.295812
	250.071000	-0.297167	-0.297637
	250.176000	-0.295855	-0.296910
	250.287000	-0.297423	-0.298531
	250.395000	-0.296417	-0.297591
	250.502000	-0.297600	-0.298675
	250.607000	-0.296729	-0.297633
	250.715000	-0.296904	-0.298001
	250.824000	-0.296289	-0.297558
	250.929000	-0.297219	-0.298245
	251.035000	-0.297002	-0.298163
	251.139000	-0.296154	-0.296992
	251.246000	-0.295405	-0.296943
	251.356000	-0.296082	-0.296384
	251.461000	-0.296052	-0.297305
	251.568000	-0.296719	-0.297732
	251.675000	-0.296690	-0.298038
	251.778000	-0.297091	-0.297929
	251.885000	-0.297561	-0.298366
	251.993000	-0.295793	-0.297479
	252.099000	-0.297134	-0.297909
	252.206000	-0.296026	-0.296841
	252.316000	-0.296174	-0.297298
	252.426000	-0.295963	-0.296618
	252.534000	-0.296338	-0.296992
	252.643000	-0.296792	-0.298100
	252.752000	-0.297075	-0.298373
	252.862000	-0.296374	-0.297370
	252.966000	-0.297130	-0.298383
	253.072000	-0.296217	-0.297775
	253.176000	-0.296591	-0.297121
	253.284000	-0.295924	-0.297357
	253.389000	-0.297065	-0.297873
	253.496000	-0.297857	-0.299254
	253.606000	-0.297259	-0.297551
	253.710000	-0.296144	-0.296624
	253.815000	-0.297009	-0.297528
	253.926000	-0.296486	-0.297541
	254.031000	-0.296529	-0.297600
	254.142000	-0.296795	-0.297581
	254.250000	-0.297288	-0.298731
	254.356000	-0.297038	-0.298435
	254.459000	-0.297640	-0.297880
	254.563000	-0.296641	-0.297219
	254.669000	-0.297485	-0.298544
	254.777000	-0.297213	-0.297785
	254.886000	-0.297222	-0.297512
	254.993000	-0.296312	-0.297160
	255.098000	-0.297436	-0.297847
	255.202000	-0.297617	-0.298682
	255.309000	-0.296240	-0.297870
	255.418000	-0.298629	-0.299287
	255.523000	-0.298353	-0.299839
	255.629000	-0.297130	-0.298163
	255.735000	-0.297098	-0.298541
	255.841000	-0.297275	-0.298741
	255.949000	-0.296503	-0.297545
	256.055000	-0.297814	-0.298948
	256.161000	-0.297206	-0.298587
	256.268000	-0.297134	-0.297716
	256.372000	-0.296562	-0.297600
	256.478000	-0.297732	-0.298718
	256.584000	-0.297232	-0.298008
	256.689000	-0.297522	-0.298685
	256.794000	-0.299116	-0.300309
	256.899000	-0.298557	-0.299885
	257.005000	-0.298455	-0.299201
	257.111000	-0.297275	-0.298399
	257.222000	-0.296864	-0.298149
	257.327000	-0.297084	-0.298366
	257.438000	-0.296042	-0.297025
	257.542000	-0.296506	-0.297117
	257.647000	-0.297561	-0.298205
	257.752000	-0.296542	-0.298094
	257.858000	-0.298028	-0.299067
	257.965000	-0.298182	-0.299050
	258.072000	-0.298061	-0.298863
	258.179000	-0.298794	-0.300053
	258.286000	-0.296496	-0.297706
	258.394000	-0.297656	-0.297719
	258.498000	-0.295963	-0.297354
	258.604000	-0.297669	-0.297972
	258.707000	-0.297088	-0.298488
	258.812000	-0.297798	-0.298376
	258.916000	-0.296775	-0.298113
	259.022000	-0.296581	-0.297449
	259.127000	-0.296795	-0.298238
	259.230000	-0.297630	-0.298278
	259.336000	-0.296453	-0.298537
	259.441000	-0.297262	-0.298547
	259.546000	-0.297755	-0.298823
	259.651000	-0.298084	-0.298951
	259.760000	-0.296526	-0.297436
	259.871000	-0.296565	-0.297676
	259.978000	-0.297232	-0.298475
	260.084000	-0.297068	-0.298090
	260.188000	-0.296315	-0.297840
	260.296000	-0.297308	-0.297535
	260.406000	-0.297863	-0.298748
	260.511000	-0.298044	-0.299228
	260.616000	-0.298327	-0.299336
	260.724000	-0.295546	-0.296815
	260.828000	-0.296696	-0.298028
	260.936000	-0.297098	-0.298212
	261.042000	-0.297098	-0.297959
	261.146000	-0.295234	-0.295986
	261.250000	-0.295414	-0.296815
	261.356000	-0.297469	-0.298202
	261.459000	-0.296263	-0.296946
	261.568000	-0.296220	-0.297436
	261.674000	-0.296069	-0.297374
	261.780000	-0.296986	-0.297831
