-0.0056
0.0076
0.0132
0.0012
0.0152
0.0264
0.0788
0.1764
0.1684
0.146
0.1088
0.0864
0.0088
0.0172
0.0308
0.0468
0.1136
0.166
0.1088
0.0936
0.0404
-0.0544
-0.0588
0.0316
0.026
0.0388
-0.024
-0.0412
-0.0852
-0.056
-0.0612
-0.022
-0.0572
-0.038
-0.01
-0.0076
-0.0224
-0.0544
-0.0688
-0.1072
-0.0484
-0.0692
0.058
0.092
0.0752
0.0752
0.0424
0.0804
0.1684
0.1492
0.1344
0.1316
0.0672
-0.0392
-0.0376
-0.1012
-0.132
-0.0624
-0.0316
0.0128
0.0772
0.0636
0.1464
0.2092
0.1952
0.1668
0.0924
0.0236
-0.0076
0.0132
0.024
-0.0344
0.0112
-0.0656
-0.0784
-0.0456
-0.0376
0.0156
-0.012
-0.0088
-0.0288
-0.0448
-0.0296
0.0344
0.0184
-0.016
-0.0448
-0.068
-0.0956
-0.0712
-0.094
-0.0788
-0.0792
-0.0908
-0.0544
0.0212
0.0152
0.016
0.024
0.0308
0.0736
0.0308
0.0364
0.0624
-0.0336
0.0272
0.0764
0.0532
0.1116
0.0676
0.1004
0.0572
0.0612
0.0712
0.0928
0.026
-0.0032
0.0044
-0.0316
-0.0444
-0.0732
-0.0556
-0.062
-0.0664
-0.058
-0.1124
-0.04
-0.0752
-0.1536
-0.0824
-0.0264
-0.0092
-0.0696
-0.1148
-0.1456
-0.0988
-0.0528
-0.0184
0.0636
0.048
0.0916
0.052
-0.0688
-0.1332
-0.036
-0.0152
-0.0336
-0.1024
-0.0956
-0.1308
-0.1096
-0.0836
-0.0436
-0.0392
0.0548
0.0248
-0.0348
-0.0568
-0.0396
-0.074
-0.0188
-0.01
0.0492
0.0772
0.0756
0.0568
0.1284
0.1776
0.1696
0.0668
0.0096
0.0224
-0.0216
-0.11
-0.036
0.0516
0.094
0.1028
0.1516
0.1844
0.1052
0.1052
0.0728
0.0804
0.1284
0.0656
0.0372
-0.0036
-0.0484
-0.0348
-0.0204
0.0148
0.0028
-0.0104
-0.0364
-0.056
-0.0776
0.0256
0.006
0.012
0.0344
0.0164
0.036
0.0224
0.0088
0.0536
0.0444
0.0692
0.0868
0.1116
0.1128
0.09
0.0376
0.0672
0.0772
0.0224
-0.0204
-0.0564
-0.1088
-0.0244
-0.016
-0.0592
0.0076
0.0224
-0.0612
-0.0512
-0.0064
-0.0156
-0.0396
0.0272
-0.0256
-0.078
-0.068
0.0156
0.0556
0.082
0.1136
0.062
0.0444
0.084
0.0296
0.0328
-0.0364
-0.0412
-0.0496
-0.03
-0.0168
-0.0272
-0.0236
-0.0456
0.0896
0.1176
0.1888
0.1512
0.1336
0.1656
0.0992
0.0868
0.0256
-0.0496
-0.1136
-0.1488
-0.1356
-0.1312
-0.0856
-0.0204
0.0464
0.06
-0.0236
-0.0608
-0.0764
-0.004
-0.01
0.0976
0.1484
0.1356
0.112
0.1516
0.1176
0.0516
0.0636
0.0424
0.0336
0.0748
0.12
0.0712
0.0616
0.048
0.0544
0.0944
0.0796
0.1188
0.0708
0.0804
0.0208
-0.0584
-0.1224
-0.1288
-0.132
-0.0704
-0.0492
-0.1264
-0.1288
-0.0804
-0.1032
-0.12
-0.1212
-0.1264
-0.094
-0.054
-0.108
-0.1284
-0.132
-0.0868
-0.0464
-0.02
-0.0168
0.032
0.1008
0.1196
0.0572
0.022
-0.0176
-0.0724
-0.086
-0.0732
-0.0392
-0.09
-0.102
-0.0636
-0.074
-0.0488
-0.0144
-0.0496
-0.0124
0.0824
0.1092
0.0652
0.0732
0.0688
0.1108
0.188
0.1312
0.0864
0.106
0.1156
0.0236
0.0468
0.038
0.0036
0.088
0.1016
0.118
0.1428
0.0972
0.09
0.0528
0.0604
0.0048
-0.0008
0.0188
0.0984
0.1392
0.0664
0.1252
0.122
0.1024
0.1296
0.2312
0.226
0.1896
0.1192
0.02
-0.064
-0.0236
-0.0732
0.0076
0.046
0.0156
-0.052
-0.0904
-0.1216
-0.1024
-0.0704
-0.0344
-0.0668
-0.092
-0.0968
-0.0772
-0.1308
-0.1308
-0.0464
0.0436
0.0516
0.0924
0.1108
0.1416
0.0748
0.0528
0.116
-0.0296
-0.0708
0.0172
-0.0112
-0.0468
-0.0284
0.0008
0.1044
0.0948
0.1284
0.1848
0.1804
0.206
0.156
0.1132
0.1284
0.0508
-0.006
-0.008
-0.0048
-0.0368
-0.0736
-0.1428
-0.1604
-0.2132
-0.15
-0.1124
-0.096
-0.1332
-0.1892
-0.1048
-0.0956
-0.074
-0.0096
-0.006
-0.0156
-0.0152
-0.0924
-0.1332
-0.1256
-0.0996
-0.1212
-0.0608
-0.0024
-0.022
-0.0248
0.0052
0.0072
0.132
0.0832
0.0552
0.0004
0.0444
0.1124
0.0752
0.0192
0.0548
0.082
0.0584
0.0404
0.0644
0.086
0.06
0.0104
-0.0016
-0.0708
-0.0664
0.0004
0.0872
0.0176
0.0444
0.1124
0.1368
0.1796
0.1184
0.056
0.0692
0.1072
0.168
0.21
0.2096
0.1936
0.0912
-0.0232
0.0484
0.1364
0.1028
0.0668
-0.016
-0.1144
-0.0692
-0.0384
-0.0212
0.0876
0.1388
0.1144
0.1088
0.0584
0.0508
-0.0192
0.0368
0.0832
0.1276
0.1256
0.0736
0.002
-0.0028
0.0176
-0.0124
-0.0016
0.0088
0.076
0.0992
0.072
0.038
0.0196
0.0184
0.0108
0.0396
-0.0576
0.0136
0.0784
0.1764
0.1596
0.1252
0.1212
0.1668
0.1524
0.1056
0.0916
0.09
0.07
0.0892
0.0244
0.006
-0.0252
-0.0372
0.0216
0.0476
-0.0044
-0.03
-0.0192
-0.006
0.0168
-0.024
-0.012
0.0196
0.0564
0.1132
0.0084
0.026
0.018
0.0936
0.118
0.1228
0.1124
0.0384
-0.0744
-0.1032
-0.05
-0.004
0.004
0.016
-0.0356
-0.0604
-0.12
-0.0988
-0.1192
-0.0384
-0.008
0.0116
0.0128
-0.0004
-0.0504
-0.1004
-0.116
-0.0908
-0.0708
-0.0592
0.0664
0.1164
0.0872
0.1068
0.0996
0.1112
0.1572
0.1052
0.1244
0.1404
0.0924
0.0684
0.0024
-0.0344
-0.012
0.0132
0.0124
0.0428
-0.0716
-0.0696
-0.0388
-0.0184
0.0152
0.0108
0.0488
0.066
0.006
-0.0196
-0.0084
-0.0188
-0.0352
-0.0444
-0.0128
-0.0612
-0.0452
-0.0468
-0.0512
0.0176
0.0628
0.094
0.0132
-0.0932
-0.0512
-0.0996
-0.1188
-0.0924
-0.0336
-0.0476
-0.088
-0.1596
-0.1508
-0.1876
-0.2076
-0.088
-0.0572
-0.0548
-0.1648
-0.2508
-0.226
-0.1752
-0.1464
-0.1484
-0.0768
-0.0672
-0.0084
-0.0132
-0.0932
-0.052
-0.1092
-0.052
0.0144
0.03
0.0104
0.0628
0.0972
0.0976
0.0432
